"","collision_date","NUM_COLLISIONS","vehicle_1","vehicle_2","vehicle_3","vehicle_4","vehicle_5","date","year","no_v","one_v","two_v","three_v","four_v","five_v"
"1","2021-04-27",273,272,211,32,10,2,2021-04-27,2021,1,61,179,22,8,2
"2","2021-04-28",380,379,316,45,13,6,2021-04-28,2021,1,63,271,32,7,6
"3","2021-12-19",291,290,216,32,11,6,2021-12-19,2021,1,74,184,21,5,6
"4","2021-05-04",345,343,258,29,9,2,2021-05-04,2021,2,85,229,20,7,2
"5","2021-09-21",311,309,241,25,9,4,2021-09-21,2021,2,68,216,16,5,4
"6","2021-05-15",321,317,253,51,14,5,2021-05-15,2021,4,64,202,37,9,5
"7","2021-09-26",313,310,244,37,10,3,2021-09-26,2021,3,66,207,27,7,3
"8","2021-12-24",281,277,203,40,14,3,2021-12-24,2021,4,74,163,26,11,3
"9","2021-05-31",275,272,198,33,11,1,2021-05-31,2021,3,74,165,22,10,1
"10","2022-03-31",281,279,223,31,10,1,2022-03-31,2022,2,56,192,21,9,1
"11","2021-10-03",328,328,266,40,13,4,2021-10-03,2021,0,62,226,27,9,4
"12","2021-06-03",288,285,214,23,5,3,2021-06-03,2021,3,71,191,18,2,3
"13","2021-12-29",192,192,144,29,12,3,2021-12-29,2021,0,48,115,17,9,3
"14","2022-01-04",254,252,192,25,6,3,2022-01-04,2022,2,60,167,19,3,3
"15","2021-06-15",369,369,298,35,8,3,2021-06-15,2021,0,71,263,27,5,3
"16","2021-06-22",290,289,226,21,5,2,2021-06-22,2021,1,63,205,16,3,2
"17","2022-01-08",235,235,168,27,6,3,2022-01-08,2022,0,67,141,21,3,3
"18","2022-04-09",293,293,224,37,9,2,2022-04-09,2022,0,69,187,28,7,2
"19","2022-01-17",201,199,131,19,7,5,2022-01-17,2022,2,68,112,12,2,5
"20","2021-07-23",324,324,243,28,9,2,2021-07-23,2021,0,81,215,19,7,2
"21","2021-11-01",331,327,247,26,8,2,2021-11-01,2021,4,80,221,18,6,2
"22","2022-01-22",267,265,198,28,11,3,2022-01-22,2022,2,67,170,17,8,3
"23","2021-08-16",301,298,241,26,8,1,2021-08-16,2021,3,57,215,18,7,1
"24","2021-11-04",317,316,236,15,3,0,2021-11-04,2021,1,80,221,12,3,0
"25","2021-09-06",299,299,234,37,10,3,2021-09-06,2021,0,65,197,27,7,3
"26","2021-11-11",292,290,226,23,7,2,2021-11-11,2021,2,64,203,16,5,2
"27","2021-11-14",269,268,205,37,9,3,2021-11-14,2021,1,63,168,28,6,3
"28","2021-11-17",317,316,250,24,3,1,2021-11-17,2021,1,66,226,21,2,1
"29","2022-02-09",272,271,201,23,8,1,2022-02-09,2022,1,70,178,15,7,1
"30","2022-07-15",312,312,246,27,6,1,2022-07-15,2022,0,66,219,21,5,1
"31","2022-03-11",329,325,245,29,8,0,2022-03-11,2022,4,80,216,21,8,0
"32","2016-10-25",566,565,488,33,6,3,2016-10-25,2016,1,77,455,27,3,3
"33","2016-10-11",739,737,624,36,6,3,2016-10-11,2016,2,113,588,30,3,3
"34","2016-09-26",623,623,547,38,5,0,2016-09-26,2016,0,76,509,33,5,0
"35","2016-08-20",579,579,497,39,8,1,2016-08-20,2016,0,82,458,31,7,1
"36","2016-08-24",635,634,555,37,5,0,2016-08-24,2016,1,79,518,32,5,0
"37","2016-09-10",598,598,523,40,7,1,2016-09-10,2016,0,75,483,33,6,1
"38","2016-08-18",635,633,551,36,10,3,2016-08-18,2016,2,82,515,26,7,3
"39","2016-08-14",521,521,449,38,11,2,2016-08-14,2016,0,72,411,27,9,2
"40","2016-07-14",741,740,644,39,4,0,2016-07-14,2016,1,96,605,35,4,0
"41","2016-06-29",687,685,603,42,9,4,2016-06-29,2016,2,82,561,33,5,4
"42","2016-06-24",811,811,731,47,6,0,2016-06-24,2016,0,80,684,41,6,0
"43","2016-06-18",700,700,614,54,11,2,2016-06-18,2016,0,86,560,43,9,2
"44","2016-07-23",650,648,555,61,9,0,2016-07-23,2016,2,93,494,52,9,0
"45","2016-08-02",602,602,511,34,10,2,2016-08-02,2016,0,91,477,24,8,2
"46","2016-08-08",632,629,535,37,5,3,2016-08-08,2016,3,94,498,32,2,3
"47","2016-06-25",688,685,591,56,15,5,2016-06-25,2016,3,94,535,41,10,5
"48","2016-07-26",688,686,607,41,9,3,2016-07-26,2016,2,79,566,32,6,3
"49","2016-08-10",618,617,530,43,9,1,2016-08-10,2016,1,87,487,34,8,1
"50","2016-07-17",574,573,481,51,15,3,2016-07-17,2016,1,92,430,36,12,3
"51","2016-07-06",680,678,590,41,6,0,2016-07-06,2016,2,88,549,35,6,0
"52","2016-07-04",488,488,390,42,14,5,2016-07-04,2016,0,98,348,28,9,5
"53","2016-07-21",731,730,619,40,8,1,2016-07-21,2016,1,111,579,32,7,1
"54","2016-07-01",752,752,650,38,6,1,2016-07-01,2016,0,102,612,32,5,1
"55","2016-07-12",662,662,568,35,9,0,2016-07-12,2016,0,94,533,26,9,0
"56","2016-07-18",725,724,608,46,11,3,2016-07-18,2016,1,116,562,35,8,3
"57","2016-07-07",603,601,514,32,6,0,2016-07-07,2016,2,87,482,26,6,0
"58","2016-07-11",618,617,530,34,6,0,2016-07-11,2016,1,87,496,28,6,0
"59","2016-06-14",717,717,636,40,6,2,2016-06-14,2016,0,81,596,34,4,2
"60","2016-06-16",689,686,598,44,9,1,2016-06-16,2016,3,88,554,35,8,1
"61","2016-06-20",745,743,647,48,7,1,2016-06-20,2016,2,96,599,41,6,1
"62","2016-06-19",559,558,484,63,18,4,2016-06-19,2016,1,74,421,45,14,4
"63","2016-06-23",643,643,555,29,6,1,2016-06-23,2016,0,88,526,23,5,1
"64","2016-06-07",709,708,619,40,6,1,2016-06-07,2016,1,89,579,34,5,1
"65","2016-06-12",587,584,478,42,12,2,2016-06-12,2016,3,106,436,30,10,2
"66","2016-05-29",566,565,492,50,12,0,2016-05-29,2016,1,73,442,38,12,0
"67","2016-05-28",627,626,541,49,7,4,2016-05-28,2016,1,85,492,42,3,4
"68","2016-05-12",744,744,645,55,10,2,2016-05-12,2016,0,99,590,45,8,2
"69","2016-05-23",652,649,552,40,7,3,2016-05-23,2016,3,97,512,33,4,3
"70","2016-05-21",568,566,489,42,8,2,2016-05-21,2016,2,77,447,34,6,2
"71","2016-04-17",568,565,472,49,10,2,2016-04-17,2016,3,93,423,39,8,2
"72","2016-05-02",589,586,481,31,7,4,2016-05-02,2016,3,105,450,24,3,4
"73","2016-03-29",683,678,585,43,5,3,2016-03-29,2016,5,93,542,38,2,3
"74","2016-04-23",649,644,528,54,10,3,2016-04-23,2016,5,116,474,44,7,3
"75","2016-04-27",510,508,449,21,7,0,2016-04-27,2016,2,59,428,14,7,0
"76","2016-04-30",581,579,495,43,9,3,2016-04-30,2016,2,84,452,34,6,3
"77","2016-04-19",732,725,627,34,5,2,2016-04-19,2016,7,98,593,29,3,2
"78","2016-03-23",621,619,532,35,6,0,2016-03-23,2016,2,87,497,29,6,0
"79","2016-04-10",499,497,431,31,9,3,2016-04-10,2016,2,66,400,22,6,3
"80","2016-03-18",644,639,548,28,3,0,2016-03-18,2016,5,91,520,25,3,0
"81","2016-03-22",628,624,519,36,9,1,2016-03-22,2016,4,105,483,27,8,1
"82","2016-03-16",629,625,531,26,6,1,2016-03-16,2016,4,94,505,20,5,1
"83","2016-04-02",597,596,477,39,10,1,2016-04-02,2016,1,119,438,29,9,1
"84","2016-04-05",672,671,569,41,5,1,2016-04-05,2016,1,102,528,36,4,1
"85","2016-03-24",635,633,546,45,10,5,2016-03-24,2016,2,87,501,35,5,5
"86","2016-03-31",652,647,546,29,5,1,2016-03-31,2016,5,101,517,24,4,1
"87","2016-03-30",650,648,560,32,6,1,2016-03-30,2016,2,88,528,26,5,1
"88","2016-01-23",402,401,342,38,9,3,2016-01-23,2016,1,59,304,29,6,3
"89","2016-02-26",476,474,418,34,6,0,2016-02-26,2016,2,56,384,28,6,0
"90","2016-03-06",500,497,432,38,11,1,2016-03-06,2016,3,65,394,27,10,1
"91","2016-03-04",685,684,603,44,15,2,2016-03-04,2016,1,81,559,29,13,2
"92","2016-02-23",623,620,519,32,6,2,2016-02-23,2016,3,101,487,26,4,2
"93","2016-03-05",601,600,522,39,12,3,2016-03-05,2016,1,78,483,27,9,3
"94","2016-02-20",555,552,493,43,9,3,2016-02-20,2016,3,59,450,34,6,3
"95","2016-02-28",509,508,455,38,12,7,2016-02-28,2016,1,53,417,26,5,7
"96","2016-02-27",388,388,340,32,8,3,2016-02-27,2016,0,48,308,24,5,3
"97","2016-02-11",622,620,521,28,4,2,2016-02-11,2016,2,99,493,24,2,2
"98","2016-02-05",607,603,494,35,9,5,2016-02-05,2016,4,109,459,26,4,5
"99","2016-01-24",517,515,456,17,4,2,2016-01-24,2016,2,59,439,13,2,2
"100","2016-01-27",670,667,579,35,5,1,2016-01-27,2016,3,88,544,30,4,1
"101","2016-02-16",615,614,518,35,5,1,2016-02-16,2016,1,96,483,30,4,1
"102","2016-02-13",480,480,428,31,12,7,2016-02-13,2016,0,52,397,19,5,7
"103","2016-02-06",553,552,491,35,12,2,2016-02-06,2016,1,61,456,23,10,2
"104","2016-01-25",658,655,575,24,1,0,2016-01-25,2016,3,80,551,23,1,0
"105","2016-01-28",681,680,597,28,7,2,2016-01-28,2016,1,83,569,21,5,2
"106","2016-01-30",596,595,514,35,7,2,2016-01-30,2016,1,81,479,28,5,2
"107","2016-01-26",734,730,638,25,4,0,2016-01-26,2016,4,92,613,21,4,0
"108","2016-01-22",702,697,600,34,7,2,2016-01-22,2016,5,97,566,27,5,2
"109","2016-01-04",601,596,510,35,8,3,2016-01-04,2016,5,86,475,27,5,3
"110","2016-01-19",662,658,565,33,4,1,2016-01-19,2016,4,93,532,29,3,1
"111","2015-12-25",321,321,280,33,7,3,2015-12-25,2015,0,41,247,26,4,3
"112","2015-12-31",527,525,462,26,8,1,2015-12-31,2015,2,63,436,18,7,1
"113","2015-12-29",533,531,442,21,6,1,2015-12-29,2015,2,89,421,15,5,1
"114","2016-01-15",722,718,647,49,9,3,2016-01-15,2016,4,71,598,40,6,3
"115","2016-01-06",625,620,544,32,6,1,2016-01-06,2016,5,76,512,26,5,1
"116","2016-01-13",605,599,527,41,8,2,2016-01-13,2016,6,72,486,33,6,2
"117","2016-01-01",393,393,346,41,19,4,2016-01-01,2016,0,47,305,22,15,4
"118","2015-12-22",699,697,627,53,7,0,2015-12-22,2015,2,70,574,46,7,0
"119","2015-12-23",805,802,668,34,10,3,2015-12-23,2015,3,134,634,24,7,3
"120","2015-11-15",500,500,437,52,9,3,2015-11-15,2015,0,63,385,43,6,3
"121","2015-10-26",698,697,616,50,8,3,2015-10-26,2015,1,81,566,42,5,3
"122","2015-10-22",666,663,573,35,2,1,2015-10-22,2015,3,90,538,33,1,1
"123","2015-12-04",680,678,595,36,6,1,2015-12-04,2015,2,83,559,30,5,1
"124","2015-11-26",383,383,344,33,11,3,2015-11-26,2015,0,39,311,22,8,3
"125","2015-12-12",578,575,513,42,8,4,2015-12-12,2015,3,62,471,34,4,4
"126","2015-12-13",549,546,486,30,3,1,2015-12-13,2015,3,60,456,27,2,1
"127","2015-12-07",668,667,581,33,9,3,2015-12-07,2015,1,86,548,24,6,3
"128","2015-11-28",508,506,445,39,11,4,2015-11-28,2015,2,61,406,28,7,4
"129","2015-12-01",746,741,622,44,10,1,2015-12-01,2015,5,119,578,34,9,1
"130","2015-11-27",480,479,417,35,8,2,2015-11-27,2015,1,62,382,27,6,2
"131","2015-11-25",717,714,642,48,6,2,2015-11-25,2015,3,72,594,42,4,2
"132","2015-12-02",655,650,543,35,6,2,2015-12-02,2015,5,107,508,29,4,2
"133","2015-12-06",485,484,420,32,10,1,2015-12-06,2015,1,64,388,22,9,1
"134","2015-12-10",668,666,591,42,7,1,2015-12-10,2015,2,75,549,35,6,1
"135","2015-11-29",453,451,417,37,8,2,2015-11-29,2015,2,34,380,29,6,2
"136","2015-12-14",637,635,539,29,5,2,2015-12-14,2015,2,96,510,24,3,2
"137","2015-11-21",597,596,523,42,12,2,2015-11-21,2015,1,73,481,30,10,2
"138","2015-11-03",655,653,557,39,6,1,2015-11-03,2015,2,96,518,33,5,1
"139","2015-11-02",613,612,537,36,2,0,2015-11-02,2015,1,75,501,34,2,0
"140","2015-11-10",757,753,651,54,11,1,2015-11-10,2015,4,102,597,43,10,1
"141","2015-11-17",684,682,599,40,5,0,2015-11-17,2015,2,83,559,35,5,0
"142","2015-11-14",613,611,542,50,9,2,2015-11-14,2015,2,69,492,41,7,2
"143","2015-11-20",819,816,703,52,13,5,2015-11-20,2015,3,113,651,39,8,5
"144","2015-11-09",615,613,540,35,8,2,2015-11-09,2015,2,73,505,27,6,2
"145","2015-11-16",618,615,539,38,5,2,2015-11-16,2015,3,76,501,33,3,2
"146","2015-10-30",688,683,604,46,5,1,2015-10-30,2015,5,79,558,41,4,1
"147","2015-10-21",720,716,641,37,3,1,2015-10-21,2015,4,75,604,34,2,1
"148","2015-10-23",742,739,637,50,7,2,2015-10-23,2015,3,102,587,43,5,2
"149","2015-10-13",724,721,642,44,8,2,2015-10-13,2015,3,79,598,36,6,2
"150","2015-10-28",689,684,564,51,10,3,2015-10-28,2015,5,120,513,41,7,3
"151","2015-10-18",551,550,492,52,11,1,2015-10-18,2015,1,58,440,41,10,1
"152","2015-10-27",631,631,546,32,4,2,2015-10-27,2015,0,85,514,28,2,2
"153","2022-05-27",314,313,241,25,7,3,2022-05-27,2022,1,72,216,18,4,3
"154","2022-06-05",299,297,233,39,9,5,2022-06-05,2022,2,64,194,30,4,5
"155","2022-08-03",324,324,249,25,11,3,2022-08-03,2022,0,75,224,14,8,3
"156","2022-06-08",311,309,240,26,7,3,2022-06-08,2022,2,69,214,19,4,3
"157","2022-06-09",317,316,249,31,6,3,2022-06-09,2022,1,67,218,25,3,3
"158","2022-09-02",286,285,227,17,3,1,2022-09-02,2022,1,58,210,14,2,1
"159","2020-12-04",372,366,280,44,12,6,2020-12-04,2020,6,86,236,32,6,6
"160","2021-03-13",252,252,208,33,8,0,2021-03-13,2021,0,44,175,25,8,0
"161","2021-04-01",263,262,212,21,6,2,2021-04-01,2021,1,50,191,15,4,2
"162","2021-03-02",268,267,194,24,6,4,2021-03-02,2021,1,73,170,18,2,4
"163","2021-04-06",318,318,262,28,7,4,2021-04-06,2021,0,56,234,21,3,4
"164","2021-03-31",284,282,210,32,6,0,2021-03-31,2021,2,72,178,26,6,0
"165","2021-02-11",299,298,232,21,8,2,2021-02-11,2021,1,66,211,13,6,2
"166","2021-03-27",325,323,247,33,8,2,2021-03-27,2021,2,76,214,25,6,2
"167","2021-02-22",245,244,173,24,4,2,2021-02-22,2021,1,71,149,20,2,2
"168","2021-03-03",244,243,182,27,4,2,2021-03-03,2021,1,61,155,23,2,2
"169","2021-02-12",290,289,231,37,12,5,2021-02-12,2021,1,58,194,25,7,5
"170","2021-03-28",198,196,130,18,5,3,2021-03-28,2021,2,66,112,13,2,3
"171","2021-03-20",283,282,222,28,5,3,2021-03-20,2021,1,60,194,23,2,3
"172","2021-01-15",272,272,193,28,5,2,2021-01-15,2021,0,79,165,23,3,2
"173","2021-01-31",297,297,211,40,9,2,2021-01-31,2021,0,86,171,31,7,2
"174","2021-01-21",251,249,196,21,8,2,2021-01-21,2021,2,53,175,13,6,2
"175","2020-11-09",318,318,249,35,10,4,2020-11-09,2020,0,69,214,25,6,4
"176","2020-12-05",278,277,202,31,9,1,2020-12-05,2020,1,75,171,22,8,1
"177","2020-11-08",326,324,243,53,15,2,2020-11-08,2020,2,81,190,38,13,2
"178","2020-11-01",308,307,233,42,8,2,2020-11-01,2020,1,74,191,34,6,2
"179","2020-10-12",323,319,238,34,10,2,2020-10-12,2020,4,81,204,24,8,2
"180","2020-08-14",344,342,279,37,5,1,2020-08-14,2020,2,63,242,32,4,1
"181","2020-09-18",341,340,272,34,14,3,2020-09-18,2020,1,68,238,20,11,3
"182","2020-10-02",350,350,269,27,10,4,2020-10-02,2020,0,81,242,17,6,4
"183","2020-09-08",337,335,260,34,7,1,2020-09-08,2020,2,75,226,27,6,1
"184","2020-08-27",343,340,254,33,16,5,2020-08-27,2020,3,86,221,17,11,5
"185","2020-10-08",332,331,254,27,5,2,2020-10-08,2020,1,77,227,22,3,2
"186","2020-08-17",288,287,240,23,6,2,2020-08-17,2020,1,47,217,17,4,2
"187","2020-08-15",313,312,250,42,9,3,2020-08-15,2020,1,62,208,33,6,3
"188","2020-08-08",260,259,204,26,5,1,2020-08-08,2020,1,55,178,21,4,1
"189","2020-05-02",189,189,138,28,11,4,2020-05-02,2020,0,51,110,17,7,4
"190","2020-06-29",301,300,215,30,8,1,2020-06-29,2020,1,85,185,22,7,1
"191","2020-06-28",240,240,186,34,10,2,2020-06-28,2020,0,54,152,24,8,2
"192","2020-04-18",125,125,85,16,8,4,2020-04-18,2020,0,40,69,8,4,4
"193","2020-06-04",245,244,190,25,6,3,2020-06-04,2020,1,54,165,19,3,3
"194","2015-10-25",522,519,461,45,7,3,2015-10-25,2015,3,58,416,38,4,3
"195","2015-10-19",667,665,570,27,3,0,2015-10-19,2015,2,95,543,24,3,0
"196","2015-10-10",649,647,578,52,8,2,2015-10-10,2015,2,69,526,44,6,2
"197","2015-10-03",556,553,473,39,17,8,2015-10-03,2015,3,80,434,22,9,8
"198","2015-10-05",597,593,519,29,8,1,2015-10-05,2015,4,74,490,21,7,1
"199","2015-10-02",798,797,667,34,3,1,2015-10-02,2015,1,130,633,31,2,1
"200","2015-09-03",665,663,593,46,11,2,2015-09-03,2015,2,70,547,35,9,2
"201","2015-09-15",579,577,489,20,3,0,2015-09-15,2015,2,88,469,17,3,0
"202","2015-09-20",556,554,493,44,12,3,2015-09-20,2015,2,61,449,32,9,3
"203","2015-09-27",493,489,418,26,5,2,2015-09-27,2015,4,71,392,21,3,2
"204","2015-09-26",557,554,502,45,8,3,2015-09-26,2015,3,52,457,37,5,3
"205","2015-09-13",478,478,438,37,13,4,2015-09-13,2015,0,40,401,24,9,4
"206","2015-09-17",744,742,651,42,8,3,2015-09-17,2015,2,91,609,34,5,3
"207","2015-09-10",716,714,610,44,11,4,2015-09-10,2015,2,104,566,33,7,4
"208","2015-09-22",571,570,509,36,6,1,2015-09-22,2015,1,61,473,30,5,1
"209","2015-09-08",795,791,716,57,12,1,2015-09-08,2015,4,75,659,45,11,1
"210","2015-09-01",626,620,549,37,6,2,2015-09-01,2015,6,71,512,31,4,2
"211","2015-08-15",582,578,528,44,2,0,2015-08-15,2015,4,50,484,42,2,0
"212","2015-08-20",600,600,537,40,6,1,2015-08-20,2015,0,63,497,34,5,1
"213","2015-09-02",654,649,574,37,8,4,2015-09-02,2015,5,75,537,29,4,4
"214","2015-08-25",595,591,540,44,4,1,2015-08-25,2015,4,51,496,40,3,1
"215","2015-08-12",643,640,567,36,5,0,2015-08-12,2015,3,73,531,31,5,0
"216","2015-08-18",623,620,563,53,15,2,2015-08-18,2015,3,57,510,38,13,2
"217","2015-08-29",539,537,470,51,12,3,2015-08-29,2015,2,67,419,39,9,3
"218","2015-08-13",714,713,641,55,8,1,2015-08-13,2015,1,72,586,47,7,1
"219","2015-08-14",729,726,652,47,12,0,2015-08-14,2015,3,74,605,35,12,0
"220","2015-08-11",601,600,522,38,9,1,2015-08-11,2015,1,78,484,29,8,1
"221","2015-08-24",575,573,510,40,11,3,2015-08-24,2015,2,63,470,29,8,3
"222","2015-07-26",551,551,492,50,17,5,2015-07-26,2015,0,59,442,33,12,5
"223","2015-08-07",726,723,641,44,3,0,2015-08-07,2015,3,82,597,41,3,0
"224","2015-07-29",629,628,558,38,5,1,2015-07-29,2015,1,70,520,33,4,1
"225","2015-08-09",489,489,444,40,12,6,2015-08-09,2015,0,45,404,28,6,6
"226","2015-08-04",666,660,591,39,4,1,2015-08-04,2015,6,69,552,35,3,1
"227","2015-07-20",727,723,652,44,10,4,2015-07-20,2015,4,71,608,34,6,4
"228","2015-08-05",619,618,548,31,5,1,2015-08-05,2015,1,70,517,26,4,1
"229","2015-07-27",626,624,564,52,11,4,2015-07-27,2015,2,60,512,41,7,4
"230","2015-08-02",550,548,486,39,10,3,2015-08-02,2015,2,62,447,29,7,3
"231","2015-06-23",703,695,629,46,11,1,2015-06-23,2015,8,66,583,35,10,1
"232","2015-06-24",778,774,706,63,12,6,2015-06-24,2015,4,68,643,51,6,6
"233","2015-07-10",709,705,636,46,12,1,2015-07-10,2015,4,69,590,34,11,1
"234","2015-06-22",774,770,681,55,12,3,2015-06-22,2015,4,89,626,43,9,3
"235","2015-07-02",603,599,535,43,5,1,2015-07-02,2015,4,64,492,38,4,1
"236","2015-06-25",670,668,587,35,6,1,2015-06-25,2015,2,81,552,29,5,1
"237","2015-06-20",505,505,456,39,11,1,2015-06-20,2015,0,49,417,28,10,1
"238","2015-07-08",620,617,549,35,7,1,2015-07-08,2015,3,68,514,28,6,1
"239","2015-07-05",467,466,406,43,6,1,2015-07-05,2015,1,60,363,37,5,1
"240","2015-07-07",646,643,586,40,4,1,2015-07-07,2015,3,57,546,36,3,1
"241","2015-06-12",451,449,397,29,7,3,2015-06-12,2015,2,52,368,22,4,3
"242","2015-05-21",615,612,547,33,8,2,2015-05-21,2015,3,65,514,25,6,2
"243","2015-06-15",506,504,436,26,4,1,2015-06-15,2015,2,68,410,22,3,1
"244","2015-05-22",727,723,642,51,9,2,2015-05-22,2015,4,81,591,42,7,2
"245","2015-06-11",666,663,583,30,5,3,2015-06-11,2015,3,80,553,25,2,3
"246","2015-05-25",420,419,362,39,9,2,2015-05-25,2015,1,57,323,30,7,2
"247","2015-06-13",395,394,346,33,12,3,2015-06-13,2015,1,48,313,21,9,3
"248","2015-05-24",432,428,377,40,9,3,2015-05-24,2015,4,51,337,31,6,3
"249","2015-05-28",682,680,597,36,5,1,2015-05-28,2015,2,83,561,31,4,1
"250","2015-05-31",555,554,483,48,13,3,2015-05-31,2015,1,71,435,35,10,3
"251","2015-06-10",667,665,592,41,6,1,2015-06-10,2015,2,73,551,35,5,1
"252","2015-06-04",552,550,490,24,7,2,2015-06-04,2015,2,60,466,17,5,2
"253","2015-06-09",652,649,588,35,11,1,2015-06-09,2015,3,61,553,24,10,1
"254","2015-04-29",679,679,591,41,7,0,2015-04-29,2015,0,88,550,34,7,0
"255","2015-05-16",650,642,559,41,10,3,2015-05-16,2015,8,83,518,31,7,3
"256","2015-05-08",709,703,626,46,7,1,2015-05-08,2015,6,77,580,39,6,1
"257","2015-05-03",555,553,494,42,14,5,2015-05-03,2015,2,59,452,28,9,5
"258","2015-05-02",540,540,486,31,8,2,2015-05-02,2015,0,54,455,23,6,2
"259","2015-05-01",642,640,577,48,11,1,2015-05-01,2015,2,63,529,37,10,1
"260","2015-05-12",684,684,603,49,10,6,2015-05-12,2015,0,81,554,39,4,6
"261","2015-05-19",606,604,542,39,10,2,2015-05-19,2015,2,62,503,29,8,2
"262","2015-05-17",543,542,487,44,9,4,2015-05-17,2015,1,55,443,35,5,4
"263","2015-05-09",560,556,495,43,10,2,2015-05-09,2015,4,61,452,33,8,2
"264","2020-06-20",246,246,187,26,8,5,2020-06-20,2020,0,59,161,18,3,5
"265","2020-04-01",155,155,132,16,4,0,2020-04-01,2020,0,23,116,12,4,0
"266","2020-04-02",167,167,138,15,6,1,2020-04-02,2020,0,29,123,9,5,1
"267","2020-01-18",774,774,643,83,24,6,2020-01-18,2020,0,131,560,59,18,6
"268","2020-03-07",515,515,445,47,11,2,2020-03-07,2020,0,70,398,36,9,2
"269","2020-03-01",423,420,344,33,11,1,2020-03-01,2020,3,76,311,22,10,1
"270","2020-02-21",504,500,407,46,14,3,2020-02-21,2020,4,93,361,32,11,3
"271","2020-01-26",398,396,328,30,8,2,2020-01-26,2020,2,68,298,22,6,2
"272","2020-02-10",572,567,461,44,4,0,2020-02-10,2020,5,106,417,40,4,0
"273","2020-02-03",559,555,453,43,12,3,2020-02-03,2020,4,102,410,31,9,3
"274","2020-02-17",339,338,282,21,7,3,2020-02-17,2020,1,56,261,14,4,3
"275","2020-02-13",504,503,409,25,6,1,2020-02-13,2020,1,94,384,19,5,1
"276","2020-02-09",373,371,317,36,7,3,2020-02-09,2020,2,54,281,29,4,3
"277","2020-01-17",566,564,454,23,3,2,2020-01-17,2020,2,110,431,20,1,2
"278","2020-01-06",459,458,377,30,8,1,2020-01-06,2020,1,81,347,22,7,1
"279","2019-12-17",700,697,548,34,5,2,2019-12-17,2019,3,149,514,29,3,2
"280","2020-01-12",391,388,316,32,9,1,2020-01-12,2020,3,72,284,23,8,1
"281","2020-01-01",346,343,268,43,11,2,2020-01-01,2020,3,75,225,32,9,2
"282","2019-12-16",519,519,432,37,7,1,2019-12-16,2019,0,87,395,30,6,1
"283","2019-12-12",599,596,533,32,7,0,2019-12-12,2019,3,63,501,25,7,0
"284","2019-10-06",435,433,357,35,9,2,2019-10-06,2019,2,76,322,26,7,2
"285","2019-12-09",737,728,563,35,4,1,2019-12-09,2019,9,165,528,31,3,1
"286","2019-11-18",743,735,589,45,4,1,2019-11-18,2019,8,146,544,41,3,1
"287","2019-11-26",702,700,595,47,8,0,2019-11-26,2019,2,105,548,39,8,0
"288","2019-11-25",641,639,545,45,11,3,2019-11-25,2019,2,94,500,34,8,3
"289","2019-11-17",444,443,372,47,15,4,2019-11-17,2019,1,71,325,32,11,4
"290","2019-10-23",669,664,559,47,7,1,2019-10-23,2019,5,105,512,40,6,1
"291","2019-10-26",525,522,428,38,10,2,2019-10-26,2019,3,94,390,28,8,2
"292","2019-10-18",634,633,542,35,11,3,2019-10-18,2019,1,91,507,24,8,3
"293","2019-10-21",559,558,489,45,11,2,2019-10-21,2019,1,69,444,34,9,2
"294","2019-10-04",708,705,597,46,12,4,2019-10-04,2019,3,108,551,34,8,4
"295","2019-09-26",645,645,554,31,6,3,2019-09-26,2019,0,91,523,25,3,3
"296","2019-09-23",639,637,542,38,8,2,2019-09-23,2019,2,95,504,30,6,2
"297","2019-10-14",400,399,340,29,7,2,2019-10-14,2019,1,59,311,22,5,2
"298","2019-10-05",557,556,482,25,4,2,2019-10-05,2019,1,74,457,21,2,2
"299","2019-09-19",605,604,531,30,4,0,2019-09-19,2019,1,73,501,26,4,0
"300","2019-10-03",690,690,574,38,14,4,2019-10-03,2019,0,116,536,24,10,4
"301","2019-08-31",502,500,408,36,12,4,2019-08-31,2019,2,92,372,24,8,4
"302","2019-09-10",605,604,511,45,5,2,2019-09-10,2019,1,93,466,40,3,2
"303","2019-09-04",600,597,521,43,11,3,2019-09-04,2019,3,76,478,32,8,3
"304","2019-09-14",488,485,408,41,7,3,2019-09-14,2019,3,77,367,34,4,3
"305","2015-04-21",645,639,555,44,12,1,2015-04-21,2015,6,84,511,32,11,1
"306","2015-03-26",525,525,466,32,7,1,2015-03-26,2015,0,59,434,25,6,1
"307","2015-03-14",507,506,424,24,5,1,2015-03-14,2015,1,82,400,19,4,1
"308","2015-04-19",471,468,424,36,7,3,2015-04-19,2015,3,44,388,29,4,3
"309","2015-04-16",560,556,501,38,6,0,2015-04-16,2015,4,55,463,32,6,0
"310","2015-03-24",601,596,533,28,1,0,2015-03-24,2015,5,63,505,27,1,0
"311","2015-04-05",422,422,378,40,5,2,2015-04-05,2015,0,44,338,35,3,2
"312","2015-04-18",605,604,520,46,10,5,2015-04-18,2015,1,84,474,36,5,5
"313","2015-04-03",491,490,422,33,6,1,2015-04-03,2015,1,68,389,27,5,1
"314","2015-04-13",554,553,484,29,5,1,2015-04-13,2015,1,69,455,24,4,1
"315","2015-04-20",630,630,552,38,11,4,2015-04-20,2015,0,78,514,27,7,4
"316","2015-04-10",486,485,423,25,4,1,2015-04-10,2015,1,62,398,21,3,1
"317","2015-03-27",532,529,468,22,2,0,2015-03-27,2015,3,61,446,20,2,0
"318","2015-04-17",679,674,609,51,10,0,2015-04-17,2015,5,65,558,41,10,0
"319","2015-03-30",556,556,505,33,6,1,2015-03-30,2015,0,51,472,27,5,1
"320","2015-02-25",628,628,554,41,12,3,2015-02-25,2015,0,74,513,29,9,3
"321","2015-02-27",703,699,623,50,5,2,2015-02-27,2015,4,76,573,45,3,2
"322","2015-03-03",631,625,555,37,7,1,2015-03-03,2015,6,70,518,30,6,1
"323","2015-02-26",539,537,470,35,6,3,2015-02-26,2015,2,67,435,29,3,3
"324","2015-03-11",565,564,510,26,8,2,2015-03-11,2015,1,54,484,18,6,2
"325","2015-03-19",582,579,519,23,5,0,2015-03-19,2015,3,60,496,18,5,0
"326","2015-02-24",580,577,508,36,8,2,2015-02-24,2015,3,69,472,28,6,2
"327","2015-03-12",586,585,525,29,5,2,2015-03-12,2015,1,60,496,24,3,2
"328","2015-03-10",584,582,484,27,3,2,2015-03-10,2015,2,98,457,24,1,2
"329","2015-02-12",526,525,466,29,3,1,2015-02-12,2015,1,59,437,26,2,1
"330","2015-02-16",402,400,350,27,6,0,2015-02-16,2015,2,50,323,21,6,0
"331","2015-01-28",458,457,400,21,5,0,2015-01-28,2015,1,57,379,16,5,0
"332","2015-02-19",515,515,462,29,6,1,2015-02-19,2015,0,53,433,23,5,1
"333","2015-02-06",652,651,584,32,5,0,2015-02-06,2015,1,67,552,27,5,0
"334","2015-02-08",394,394,337,39,12,3,2015-02-08,2015,0,57,298,27,9,3
"335","2015-02-02",680,677,592,50,10,2,2015-02-02,2015,3,85,542,40,8,2
"336","2015-01-31",526,524,454,39,12,4,2015-01-31,2015,2,70,415,27,8,4
"337","2015-01-23",598,595,526,34,6,1,2015-01-23,2015,3,69,492,28,5,1
"338","2015-01-17",495,492,428,28,7,1,2015-01-17,2015,3,64,400,21,6,1
"339","2014-12-29",411,410,360,22,5,0,2014-12-29,2014,1,50,338,17,5,0
"340","2015-01-05",498,495,417,42,9,2,2015-01-05,2015,3,78,375,33,7,2
"341","2015-01-14",506,506,437,38,9,1,2015-01-14,2015,0,69,399,29,8,1
"342","2015-01-15",548,547,476,46,11,2,2015-01-15,2015,1,71,430,35,9,2
"343","2015-01-09",751,749,646,44,6,0,2015-01-09,2015,2,103,602,38,6,0
"344","2015-01-12",580,577,492,45,9,0,2015-01-12,2015,3,85,447,36,9,0
"345","2014-12-28",349,347,302,35,10,4,2014-12-28,2014,2,45,267,25,6,4
"346","2015-01-11",341,341,303,26,8,4,2015-01-11,2015,0,38,277,18,4,4
"347","2014-12-26",446,445,394,24,6,2,2014-12-26,2014,1,51,370,18,4,2
"348","2014-12-25",303,302,267,23,6,1,2014-12-25,2014,1,35,244,17,5,1
"349","2015-01-18",961,961,785,156,55,18,2015-01-18,2015,0,176,629,101,37,18
"350","2014-11-28",444,444,386,28,11,1,2014-11-28,2014,0,58,358,17,10,1
"351","2014-12-02",611,610,521,36,2,0,2014-12-02,2014,1,89,485,34,2,0
"352","2014-12-01",644,642,558,39,5,2,2014-12-01,2014,2,84,519,34,3,2
"353","2014-12-15",720,715,621,49,8,0,2014-12-15,2014,5,94,572,41,8,0
"354","2014-12-20",505,505,432,28,5,0,2014-12-20,2014,0,73,404,23,5,0
"355","2014-12-13",594,590,511,34,9,3,2014-12-13,2014,4,79,477,25,6,3
"356","2014-12-05",673,667,552,31,8,3,2014-12-05,2014,6,115,521,23,5,3
"357","2014-12-07",493,493,420,40,11,3,2014-12-07,2014,0,73,380,29,8,3
"358","2014-11-15",529,526,458,32,10,2,2014-11-15,2014,3,68,426,22,8,2
"359","2014-11-17",666,665,563,45,7,2,2014-11-17,2014,1,102,518,38,5,2
"360","2014-11-10",560,557,491,34,4,0,2014-11-10,2014,3,66,457,30,4,0
"361","2014-11-21",677,676,593,38,4,0,2014-11-21,2014,1,83,555,34,4,0
"362","2014-11-12",546,542,482,31,6,0,2014-11-12,2014,4,60,451,25,6,0
"363","2014-10-31",668,668,600,41,4,2,2014-10-31,2014,0,68,559,37,2,2
"364","2014-10-23",639,639,563,33,4,1,2014-10-23,2014,0,76,530,29,3,1
"365","2014-10-28",571,567,505,27,6,0,2014-10-28,2014,4,62,478,21,6,0
"366","2014-10-27",642,638,561,37,10,3,2014-10-27,2014,4,77,524,27,7,3
"367","2014-08-10",512,512,460,45,10,4,2014-08-10,2014,0,52,415,35,6,4
"368","2014-07-31",626,625,561,40,12,3,2014-07-31,2014,1,64,521,28,9,3
"369","2014-10-17",648,644,567,44,13,6,2014-10-17,2014,4,77,523,31,7,6
"370","2014-10-03",719,718,637,51,9,3,2014-10-03,2014,1,81,586,42,6,3
"371","2014-10-01",559,559,489,36,5,1,2014-10-01,2014,0,70,453,31,4,1
"372","2014-10-16",602,600,532,37,4,0,2014-10-16,2014,2,68,495,33,4,0
"373","2014-09-27",600,599,536,48,11,5,2014-09-27,2014,1,63,488,37,6,5
"374","2014-10-06",639,639,574,35,9,3,2014-10-06,2014,0,65,539,26,6,3
"375","2019-07-23",553,552,465,35,10,2,2019-07-23,2019,1,87,430,25,8,2
"376","2019-08-10",572,569,478,53,15,5,2019-08-10,2019,3,91,425,38,10,5
"377","2019-08-12",586,585,505,43,6,4,2019-08-12,2019,1,80,462,37,2,4
"378","2019-08-05",616,616,527,30,9,1,2019-08-05,2019,0,89,497,21,8,1
"379","2019-08-17",533,533,439,40,14,5,2019-08-17,2019,0,94,399,26,9,5
"380","2019-07-19",666,664,585,46,8,3,2019-07-19,2019,2,79,539,38,5,3
"381","2019-06-28",753,752,656,53,12,6,2019-06-28,2019,1,96,603,41,6,6
"382","2019-06-22",635,634,543,48,9,2,2019-06-22,2019,1,91,495,39,7,2
"383","2019-06-24",731,731,626,48,11,4,2019-06-24,2019,0,105,578,37,7,4
"384","2019-06-23",559,558,484,59,13,4,2019-06-23,2019,1,74,425,46,9,4
"385","2019-06-16",509,505,428,30,11,3,2019-06-16,2019,4,77,398,19,8,3
"386","2019-06-06",744,743,654,53,14,3,2019-06-06,2019,1,89,601,39,11,3
"387","2019-06-10",613,613,518,41,8,0,2019-06-10,2019,0,95,477,33,8,0
"388","2019-05-22",693,685,592,41,9,2,2019-05-22,2019,8,93,551,32,7,2
"389","2019-05-16",642,640,550,44,12,3,2019-05-16,2019,2,90,506,32,9,3
"390","2019-05-03",651,647,550,45,7,0,2019-05-03,2019,4,97,505,38,7,0
"391","2019-05-02",668,666,566,45,6,2,2019-05-02,2019,2,100,521,39,4,2
"392","2019-04-17",621,619,529,48,9,3,2019-04-17,2019,2,90,481,39,6,3
"393","2019-04-20",456,455,388,37,12,3,2019-04-20,2019,1,67,351,25,9,3
"394","2019-04-22",522,521,439,30,9,1,2019-04-22,2019,1,82,409,21,8,1
"395","2019-04-18",540,539,467,27,8,4,2019-04-18,2019,1,72,440,19,4,4
"396","2019-04-24",515,514,432,39,3,0,2019-04-24,2019,1,82,393,36,3,0
"397","2019-04-06",587,585,508,50,9,1,2019-04-06,2019,2,77,458,41,8,1
"398","2019-04-02",553,550,477,35,6,1,2019-04-02,2019,3,73,442,29,5,1
"399","2019-03-11",645,642,558,44,10,3,2019-03-11,2019,3,84,514,34,7,3
"400","2019-03-25",526,526,434,25,3,3,2019-03-25,2019,0,92,409,22,0,3
"401","2019-03-08",652,651,560,44,12,2,2019-03-08,2019,1,91,516,32,10,2
"402","2019-03-26",610,607,512,41,2,1,2019-03-26,2019,3,95,471,39,1,1
"403","2019-02-16",535,533,459,46,9,3,2019-02-16,2019,2,74,413,37,6,3
"404","2019-02-25",700,699,572,38,7,3,2019-02-25,2019,1,127,534,31,4,3
"405","2019-02-19",527,524,438,41,8,3,2019-02-19,2019,3,86,397,33,5,3
"406","2019-03-02",642,639,496,40,12,3,2019-03-02,2019,3,143,456,28,9,3
"407","2019-02-26",670,668,563,44,10,2,2019-02-26,2019,2,105,519,34,8,2
"408","2019-02-09",540,536,444,43,8,3,2019-02-09,2019,4,92,401,35,5,3
"409","2019-02-24",401,400,321,30,10,2,2019-02-24,2019,1,79,291,20,8,2
"410","2019-02-18",406,403,317,22,2,0,2019-02-18,2019,3,86,295,20,2,0
"411","2014-10-07",620,619,537,35,6,4,2014-10-07,2014,1,82,502,29,2,4
"412","2014-10-13",451,450,381,35,7,2,2014-10-13,2014,1,69,346,28,5,2
"413","2014-09-30",589,589,514,19,4,2,2014-09-30,2014,0,75,495,15,2,2
"414","2014-10-02",558,556,504,30,8,1,2014-10-02,2014,2,52,474,22,7,1
"415","2014-10-05",505,504,453,41,8,1,2014-10-05,2014,1,51,412,33,7,1
"416","2014-09-23",592,589,526,29,3,3,2014-09-23,2014,3,63,497,26,0,3
"417","2014-09-18",650,647,579,34,4,0,2014-09-18,2014,3,68,545,30,4,0
"418","2014-09-10",618,616,539,30,3,1,2014-09-10,2014,2,77,509,27,2,1
"419","2014-09-01",392,392,346,31,9,3,2014-09-01,2014,0,46,315,22,6,3
"420","2014-09-21",515,513,445,35,6,1,2014-09-21,2014,2,68,410,29,5,1
"421","2014-09-14",528,528,475,44,12,2,2014-09-14,2014,0,53,431,32,10,2
"422","2014-08-24",437,437,397,38,9,4,2014-08-24,2014,0,40,359,29,5,4
"423","2014-09-17",658,657,581,40,7,2,2014-09-17,2014,1,76,541,33,5,2
"424","2014-08-21",567,565,503,36,9,4,2014-08-21,2014,2,62,467,27,5,4
"425","2014-08-03",476,476,419,33,7,2,2014-08-03,2014,0,57,386,26,5,2
"426","2014-08-13",572,569,495,26,4,2,2014-08-13,2014,3,74,469,22,2,2
"427","2014-08-09",538,538,491,47,6,2,2014-08-09,2014,0,47,444,41,4,2
"428","2014-08-08",601,600,550,32,5,1,2014-08-08,2014,1,50,518,27,4,1
"429","2014-08-11",604,602,530,36,5,1,2014-08-11,2014,2,72,494,31,4,1
"430","2014-08-17",476,476,424,37,8,1,2014-08-17,2014,0,52,387,29,7,1
"431","2014-08-20",551,548,497,35,5,1,2014-08-20,2014,3,51,462,30,4,1
"432","2014-08-06",562,561,497,32,7,3,2014-08-06,2014,1,64,465,25,4,3
"433","2014-08-25",549,548,483,30,7,2,2014-08-25,2014,1,65,453,23,5,2
"434","2014-08-30",510,507,445,39,15,1,2014-08-30,2014,3,62,406,24,14,1
"435","2014-08-07",585,583,527,37,8,0,2014-08-07,2014,2,56,490,29,8,0
"436","2014-08-29",631,628,558,41,10,1,2014-08-29,2014,3,70,517,31,9,1
"437","2014-07-29",526,526,470,31,6,0,2014-07-29,2014,0,56,439,25,6,0
"438","2014-06-03",663,661,601,39,11,4,2014-06-03,2014,2,60,562,28,7,4
"439","2014-05-21",575,574,515,27,5,0,2014-05-21,2014,1,59,488,22,5,0
"440","2014-07-07",614,612,555,43,8,3,2014-07-07,2014,2,57,512,35,5,3
"441","2014-07-24",539,538,489,30,6,1,2014-07-24,2014,1,49,459,24,5,1
"442","2014-07-22",587,583,524,37,5,2,2014-07-22,2014,4,59,487,32,3,2
"443","2014-07-04",360,360,315,19,3,0,2014-07-04,2014,0,45,296,16,3,0
"444","2014-07-11",642,641,569,32,7,1,2014-07-11,2014,1,72,537,25,6,1
"445","2014-07-21",557,555,486,32,7,2,2014-07-21,2014,2,69,454,25,5,2
"446","2014-07-10",584,582,516,33,5,1,2014-07-10,2014,2,66,483,28,4,1
"447","2014-07-03",740,737,655,40,7,3,2014-07-03,2014,3,82,615,33,4,3
"448","2014-07-15",587,587,524,43,4,1,2014-07-15,2014,0,63,481,39,3,1
"449","2014-07-26",534,533,479,30,5,2,2014-07-26,2014,1,54,449,25,3,2
"450","2014-07-02",658,658,573,43,10,4,2014-07-02,2014,0,85,530,33,6,4
"451","2014-06-16",622,622,551,43,4,1,2014-06-16,2014,0,71,508,39,3,1
"452","2014-06-13",708,708,615,42,10,5,2014-06-13,2014,0,93,573,32,5,5
"453","2014-06-20",765,763,678,45,13,4,2014-06-20,2014,2,85,633,32,9,4
"454","2014-06-18",663,660,588,34,8,2,2014-06-18,2014,3,72,554,26,6,2
"455","2014-06-05",569,566,502,37,1,0,2014-06-05,2014,3,64,465,36,1,0
"456","2014-06-21",557,557,496,42,14,4,2014-06-21,2014,0,61,454,28,10,4
"457","2014-06-28",611,608,551,36,4,0,2014-06-28,2014,3,57,515,32,4,0
"458","2014-06-19",675,674,602,47,7,3,2014-06-19,2014,1,72,555,40,4,3
"459","2014-06-30",610,608,540,39,5,1,2014-06-30,2014,2,68,501,34,4,1
"460","2014-05-10",549,547,499,36,8,4,2014-05-10,2014,2,48,463,28,4,4
"461","2014-05-22",593,593,535,28,8,1,2014-05-22,2014,0,58,507,20,7,1
"462","2014-05-23",660,660,580,32,5,1,2014-05-23,2014,0,80,548,27,4,1
"463","2014-05-11",584,583,527,46,10,0,2014-05-11,2014,1,56,481,36,10,0
"464","2014-05-15",659,657,573,50,13,2,2014-05-15,2014,2,84,523,37,11,2
"465","2014-05-19",572,572,525,32,6,1,2014-05-19,2014,0,47,493,26,5,1
"466","2014-05-27",645,642,570,43,8,2,2014-05-27,2014,3,72,527,35,6,2
"467","2014-06-02",643,642,569,36,4,1,2014-06-02,2014,1,73,533,32,3,1
"468","2014-05-25",472,472,414,44,11,3,2014-05-25,2014,0,58,370,33,8,3
"469","2014-05-08",596,596,535,24,5,1,2014-05-08,2014,0,61,511,19,4,1
"470","2014-04-05",580,580,471,36,8,2,2014-04-05,2014,0,109,435,28,6,2
"471","2014-04-30",651,648,551,32,4,0,2014-04-30,2014,3,97,519,28,4,0
"472","2014-04-07",533,532,443,35,5,0,2014-04-07,2014,1,89,408,30,5,0
"473","2014-04-08",606,603,516,33,5,0,2014-04-08,2014,3,87,483,28,5,0
"474","2014-04-24",586,586,527,39,8,1,2014-04-24,2014,0,59,488,31,7,1
"475","2014-04-26",548,547,480,37,10,2,2014-04-26,2014,1,67,443,27,8,2
"476","2014-04-23",536,536,464,29,4,1,2014-04-23,2014,0,72,435,25,3,1
"477","2014-04-20",393,392,349,33,9,2,2014-04-20,2014,1,43,316,24,7,2
"478","2014-04-15",452,452,312,16,4,0,2014-04-15,2014,0,140,296,12,4,0
"479","2014-04-28",597,595,539,33,9,1,2014-04-28,2014,2,56,506,24,8,1
"480","2014-05-03",590,590,518,41,15,5,2014-05-03,2014,0,72,477,26,10,5
"481","2014-03-27",538,537,452,34,6,1,2014-03-27,2014,1,85,418,28,5,1
"482","2014-03-13",545,545,263,14,0,0,2014-03-13,2014,0,282,249,14,0,0
"483","2019-01-07",584,583,495,36,8,0,2019-01-07,2019,1,88,459,28,8,0
"484","2019-02-02",577,575,503,46,15,3,2019-02-02,2019,2,72,457,31,12,3
"485","2019-01-25",666,664,579,36,9,2,2019-01-25,2019,2,85,543,27,7,2
"486","2018-12-22",568,564,463,34,7,2,2018-12-22,2018,4,101,429,27,5,2
"487","2018-12-20",806,801,636,55,13,4,2018-12-20,2018,5,165,581,42,9,4
"488","2018-12-05",652,651,559,27,4,2,2018-12-05,2018,1,92,532,23,2,2
"489","2018-11-25",483,482,409,44,6,2,2018-11-25,2018,1,73,365,38,4,2
"490","2018-12-03",697,694,599,39,7,1,2018-12-03,2018,3,95,560,32,6,1
"491","2018-11-28",573,569,473,25,2,0,2018-11-28,2018,4,96,448,23,2,0
"492","2018-11-10",606,604,521,39,10,3,2018-11-10,2018,2,83,482,29,7,3
"493","2018-10-29",696,694,583,42,9,2,2018-10-29,2018,2,111,541,33,7,2
"494","2018-10-21",593,590,493,50,7,0,2018-10-21,2018,3,97,443,43,7,0
"495","2018-10-31",646,639,558,43,10,4,2018-10-31,2018,7,81,515,33,6,4
"496","2018-10-24",719,717,632,37,4,0,2018-10-24,2018,2,85,595,33,4,0
"497","2018-11-09",867,861,700,48,7,3,2018-11-09,2018,6,161,652,41,4,3
"498","2018-10-06",544,544,462,39,7,2,2018-10-06,2018,0,82,423,32,5,2
"499","2018-10-14",516,515,451,45,15,3,2018-10-14,2018,1,64,406,30,12,3
"500","2018-09-24",594,593,506,35,4,0,2018-09-24,2018,1,87,471,31,4,0
"501","2018-10-08",501,501,415,36,13,1,2018-10-08,2018,0,86,379,23,12,1
"502","2018-10-04",717,715,607,44,8,1,2018-10-04,2018,2,108,563,36,7,1
"503","2018-09-07",671,670,584,48,7,1,2018-09-07,2018,1,86,536,41,6,1
"504","2018-09-08",568,567,481,53,11,1,2018-09-08,2018,1,86,428,42,10,1
"505","2018-08-29",685,685,594,43,11,2,2018-08-29,2018,0,91,551,32,9,2
"506","2018-09-19",519,519,434,21,7,3,2018-09-19,2018,0,85,413,14,4,3
"507","2018-08-26",528,528,437,51,12,1,2018-08-26,2018,0,91,386,39,11,1
"508","2018-08-10",707,703,614,36,4,1,2018-08-10,2018,4,89,578,32,3,1
"509","2014-03-20",627,624,532,33,10,1,2014-03-20,2014,3,92,499,23,9,1
"510","2014-03-31",559,558,479,37,5,3,2014-03-31,2014,1,79,442,32,2,3
"511","2014-04-03",592,592,498,27,2,1,2014-04-03,2014,0,94,471,25,1,1
"512","2014-03-07",533,530,439,30,3,0,2014-03-07,2014,3,91,409,27,3,0
"513","2014-03-26",563,562,471,25,3,0,2014-03-26,2014,1,91,446,22,3,0
"514","2014-03-08",515,514,441,35,8,3,2014-03-08,2014,1,73,406,27,5,3
"515","2014-03-29",569,567,473,38,7,2,2014-03-29,2014,2,94,435,31,5,2
"516","2014-02-06",569,569,496,28,7,2,2014-02-06,2014,0,73,468,21,5,2
"517","2014-02-20",556,555,472,21,5,0,2014-02-20,2014,1,83,451,16,5,0
"518","2014-02-16",464,462,413,27,3,1,2014-02-16,2014,2,49,386,24,2,1
"519","2014-02-27",571,570,506,32,6,1,2014-02-27,2014,1,64,474,26,5,1
"520","2014-03-02",344,342,302,19,4,3,2014-03-02,2014,2,40,283,15,1,3
"521","2014-02-26",511,508,438,26,9,2,2014-02-26,2014,3,70,412,17,7,2
"522","2014-03-05",491,489,419,20,0,0,2014-03-05,2014,2,70,399,20,0,0
"523","2014-02-14",792,791,719,40,4,0,2014-02-14,2014,1,72,679,36,4,0
"524","2014-02-08",424,424,380,24,4,2,2014-02-08,2014,0,44,356,20,2,2
"525","2014-02-15",516,516,457,42,4,3,2014-02-15,2014,0,59,415,38,1,3
"526","2014-02-11",636,634,570,40,10,4,2014-02-11,2014,2,64,530,30,6,4
"527","2014-02-01",507,507,428,38,10,5,2014-02-01,2014,0,79,390,28,5,5
"528","2013-11-28",429,429,383,31,13,1,2013-11-28,2013,0,46,352,18,12,1
"529","2014-01-18",448,448,386,33,11,4,2014-01-18,2014,0,62,353,22,7,4
"530","2014-01-06",518,518,450,28,7,3,2014-01-06,2014,0,68,422,21,4,3
"531","2014-01-21",1161,1161,1047,109,32,10,2014-01-21,2014,0,114,938,77,22,10
"532","2014-01-23",612,612,546,40,10,2,2014-01-23,2014,0,66,506,30,8,2
"533","2014-01-16",521,520,450,20,4,0,2014-01-16,2014,1,70,430,16,4,0
"534","2014-01-08",616,614,532,32,6,2,2014-01-08,2014,2,82,500,26,4,2
"535","2014-01-27",511,511,449,30,6,0,2014-01-27,2014,0,62,419,24,6,0
"536","2014-01-26",465,465,403,34,12,3,2014-01-26,2014,0,62,369,22,9,3
"537","2014-01-03",423,423,371,19,4,0,2014-01-03,2014,0,52,352,15,4,0
"538","2014-01-13",568,564,500,40,8,2,2014-01-13,2014,4,64,460,32,6,2
"539","2014-01-05",320,319,280,24,5,1,2014-01-05,2014,1,39,256,19,4,1
"540","2013-12-22",505,503,446,47,8,2,2013-12-22,2013,2,57,399,39,6,2
"541","2013-12-10",539,538,453,32,7,2,2013-12-10,2013,1,85,421,25,5,2
"542","2013-12-24",515,514,454,35,14,6,2013-12-24,2013,1,60,419,21,8,6
"543","2013-12-06",759,758,612,44,7,1,2013-12-06,2013,1,146,568,37,6,1
"544","2013-12-13",695,694,625,45,9,5,2013-12-13,2013,1,69,580,36,4,5
"545","2013-12-14",690,689,595,55,7,0,2013-12-14,2013,1,94,540,48,7,0
"546","2013-12-04",520,519,462,34,7,2,2013-12-04,2013,1,57,428,27,5,2
"547","2013-11-27",742,741,606,42,8,3,2013-11-27,2013,1,135,564,34,5,3
"548","2013-11-18",611,611,538,35,10,0,2013-11-18,2013,0,73,503,25,10,0
"549","2013-11-12",647,646,565,38,8,0,2013-11-12,2013,1,81,527,30,8,0
"550","2013-11-19",600,599,521,38,8,1,2013-11-19,2013,1,78,483,30,7,1
"551","2013-11-13",593,591,524,35,6,1,2013-11-13,2013,2,67,489,29,5,1
"552","2013-12-02",549,548,492,41,10,4,2013-12-02,2013,1,56,451,31,6,4
"553","2013-11-25",710,710,647,33,4,0,2013-11-25,2013,0,63,614,29,4,0
"554","2013-11-23",536,536,469,44,11,4,2013-11-23,2013,0,67,425,33,7,4
"555","2013-11-16",612,612,535,40,9,2,2013-11-16,2013,0,77,495,31,7,2
"556","2013-11-29",437,436,392,22,4,1,2013-11-29,2013,1,44,370,18,3,1
"557","2013-11-07",646,646,567,53,11,0,2013-11-07,2013,0,79,514,42,11,0
"558","2013-11-06",635,633,556,31,5,3,2013-11-06,2013,2,77,525,26,2,3
"559","2013-11-05",510,509,457,41,6,1,2013-11-05,2013,1,52,416,35,5,1
"560","2013-08-30",599,599,545,57,17,3,2013-08-30,2013,0,54,488,40,14,3
"561","2013-11-01",710,710,614,52,14,2,2013-11-01,2013,0,96,562,38,12,2
"562","2013-10-15",615,614,537,41,7,1,2013-10-15,2013,1,77,496,34,6,1
"563","2013-10-11",621,621,550,42,5,4,2013-10-11,2013,0,71,508,37,1,4
"564","2013-10-09",529,529,480,36,7,2,2013-10-09,2013,0,49,444,29,5,2
"565","2013-10-21",616,614,536,41,6,0,2013-10-21,2013,2,78,495,35,6,0
"566","2013-10-14",440,440,389,34,4,2,2013-10-14,2013,0,51,355,30,2,2
"567","2013-10-10",559,559,488,30,5,2,2013-10-10,2013,0,71,458,25,3,2
"568","2013-10-20",490,490,429,31,4,2,2013-10-20,2013,0,61,398,27,2,2
"569","2013-10-24",632,631,564,36,6,2,2013-10-24,2013,1,67,528,30,4,2
"570","2013-10-13",502,501,448,63,13,5,2013-10-13,2013,1,53,385,50,8,5
"571","2013-10-27",512,511,455,38,5,1,2013-10-27,2013,1,56,417,33,4,1
"572","2013-10-12",556,554,495,43,6,1,2013-10-12,2013,2,59,452,37,5,1
"573","2013-10-18",680,679,586,57,12,4,2013-10-18,2013,1,93,529,45,8,4
"574","2013-09-21",546,546,479,37,7,1,2013-09-21,2013,0,67,442,30,6,1
"575","2013-09-30",605,604,540,39,11,4,2013-09-30,2013,1,64,501,28,7,4
"576","2013-09-24",615,614,533,35,9,2,2013-09-24,2013,1,81,498,26,7,2
"577","2013-09-22",585,583,510,42,5,0,2013-09-22,2013,2,73,468,37,5,0
"578","2013-10-02",647,647,574,41,4,0,2013-10-02,2013,0,73,533,37,4,0
"579","2013-10-06",404,404,346,37,10,3,2013-10-06,2013,0,58,309,27,7,3
"580","2013-09-25",539,537,476,29,5,1,2013-09-25,2013,2,61,447,24,4,1
"581","2013-10-05",497,496,443,44,9,3,2013-10-05,2013,1,53,399,35,6,3
"582","2013-09-13",652,651,576,43,1,0,2013-09-13,2013,1,75,533,42,1,0
"583","2013-09-26",516,514,448,30,8,1,2013-09-26,2013,2,66,418,22,7,1
"584","2018-08-02",722,718,618,38,5,2,2018-08-02,2018,4,100,580,33,3,2
"585","2018-06-25",733,730,643,52,16,4,2018-06-25,2018,3,87,591,36,12,4
"586","2018-07-26",606,604,534,39,8,2,2018-07-26,2018,2,70,495,31,6,2
"587","2018-07-12",642,640,570,50,10,4,2018-07-12,2018,2,70,520,40,6,4
"588","2018-07-13",726,724,628,40,3,0,2018-07-13,2018,2,96,588,37,3,0
"589","2018-07-25",657,655,567,38,9,5,2018-07-25,2018,2,88,529,29,4,5
"590","2018-05-29",809,804,709,48,19,4,2018-05-29,2018,5,95,661,29,15,4
"591","2018-05-11",805,805,697,46,9,2,2018-05-11,2018,0,108,651,37,7,2
"592","2018-04-22",568,567,491,49,9,1,2018-04-22,2018,1,76,442,40,8,1
"593","2018-05-01",713,712,620,34,6,3,2018-05-01,2018,1,92,586,28,3,3
"594","2018-04-21",584,584,515,39,12,1,2018-04-21,2018,0,69,476,27,11,1
"595","2018-03-26",710,708,616,44,6,0,2018-03-26,2018,2,92,572,38,6,0
"596","2018-03-03",609,609,507,42,14,5,2018-03-03,2018,0,102,465,28,9,5
"597","2018-03-12",679,678,569,34,6,1,2018-03-12,2018,1,109,535,28,5,1
"598","2018-03-24",550,549,470,37,7,2,2018-03-24,2018,1,79,433,30,5,2
"599","2018-03-11",465,464,392,26,7,3,2018-03-11,2018,1,72,366,19,4,3
"600","2018-01-29",531,529,441,24,3,1,2018-01-29,2018,2,88,417,21,2,1
"601","2018-02-14",671,666,571,35,5,0,2018-02-14,2018,5,95,536,30,5,0
"602","2018-02-05",706,702,591,36,6,2,2018-02-05,2018,4,111,555,30,4,2
"603","2018-02-01",594,593,506,43,13,6,2018-02-01,2018,1,87,463,30,7,6
"604","2013-09-20",631,631,548,36,8,1,2013-09-20,2013,0,83,512,28,7,1
"605","2013-09-18",571,571,507,38,10,2,2013-09-18,2013,0,64,469,28,8,2
"606","2013-08-15",599,599,542,38,5,1,2013-08-15,2013,0,57,504,33,4,1
"607","2013-08-16",678,675,605,54,10,3,2013-08-16,2013,3,70,551,44,7,3
"608","2013-08-19",462,461,412,26,3,1,2013-08-19,2013,1,49,386,23,2,1
"609","2013-08-31",480,477,409,36,8,2,2013-08-31,2013,3,68,373,28,6,2
"610","2013-09-03",551,550,502,35,4,0,2013-09-03,2013,1,48,467,31,4,0
"611","2013-09-05",493,493,431,17,4,0,2013-09-05,2013,0,62,414,13,4,0
"612","2013-08-23",636,636,570,41,10,1,2013-08-23,2013,0,66,529,31,9,1
"613","2013-09-07",585,584,524,48,11,1,2013-09-07,2013,1,60,476,37,10,1
"614","2013-08-09",579,579,510,44,12,2,2013-08-09,2013,0,69,466,32,10,2
"615","2013-07-17",609,608,564,32,6,4,2013-07-17,2013,1,44,532,26,2,4
"616","2013-07-12",599,599,544,49,8,2,2013-07-12,2013,0,55,495,41,6,2
"617","2013-07-26",617,617,564,46,7,3,2013-07-26,2013,0,53,518,39,4,3
"618","2013-08-05",545,543,494,36,6,0,2013-08-05,2013,2,49,458,30,6,0
"619","2013-07-20",551,551,480,48,13,4,2013-07-20,2013,0,71,432,35,9,4
"620","2013-07-18",636,636,580,71,17,4,2013-07-18,2013,0,56,509,54,13,4
"621","2013-08-04",454,454,397,31,7,2,2013-08-04,2013,0,57,366,24,5,2
"622","2013-07-19",697,695,635,44,9,1,2013-07-19,2013,2,60,591,35,8,1
"623","2013-07-10",614,614,549,44,11,5,2013-07-10,2013,0,65,505,33,6,5
"624","2013-08-03",492,492,443,43,9,0,2013-08-03,2013,0,49,400,34,9,0
"625","2013-07-05",576,575,515,40,11,1,2013-07-05,2013,1,60,475,29,10,1
"626","2013-06-23",505,504,461,43,5,1,2013-06-23,2013,1,43,418,38,4,1
"627","2013-06-15",596,596,532,39,10,3,2013-06-15,2013,0,64,493,29,7,3
"628","2013-06-17",614,614,545,37,11,3,2013-06-17,2013,0,69,508,26,8,3
"629","2013-06-20",681,681,617,42,10,1,2013-06-20,2013,0,64,575,32,9,1
"630","2013-07-02",601,601,536,43,7,2,2013-07-02,2013,0,65,493,36,5,2
"631","2013-06-24",680,680,614,37,5,1,2013-06-24,2013,0,66,577,32,4,1
"632","2013-07-08",617,617,557,36,7,4,2013-07-08,2013,0,60,521,29,3,4
"633","2013-06-16",477,476,426,41,8,1,2013-06-16,2013,1,50,385,33,7,1
"634","2013-07-07",475,475,422,34,4,0,2013-07-07,2013,0,53,388,30,4,0
"635","2013-05-22",570,570,513,35,9,0,2013-05-22,2013,0,57,478,26,9,0
"636","2013-06-04",613,613,534,36,10,1,2013-06-04,2013,0,79,498,26,9,1
"637","2013-05-19",544,544,477,42,12,3,2013-05-19,2013,0,67,435,30,9,3
"638","2013-06-11",635,634,549,33,4,1,2013-06-11,2013,1,85,516,29,3,1
"639","2013-06-05",599,599,541,33,5,0,2013-06-05,2013,0,58,508,28,5,0
"640","2013-05-13",577,575,526,31,8,1,2013-05-13,2013,2,49,495,23,7,1
"641","2013-05-17",741,740,669,61,15,2,2013-05-17,2013,1,71,608,46,13,2
"642","2013-04-04",566,566,518,33,7,0,2013-04-04,2013,0,48,485,26,7,0
"643","2013-05-02",585,585,526,41,9,1,2013-05-02,2013,0,59,485,32,8,1
"644","2013-04-24",598,598,539,33,8,0,2013-04-24,2013,0,59,506,25,8,0
"645","2013-05-04",580,580,524,46,11,2,2013-05-04,2013,0,56,478,35,9,2
"646","2013-05-11",523,523,457,35,9,1,2013-05-11,2013,0,66,422,26,8,1
"647","2013-04-28",440,439,397,33,5,1,2013-04-28,2013,1,42,364,28,4,1
"648","2013-05-08",620,620,541,37,6,2,2013-05-08,2013,0,79,504,31,4,2
"649","2013-04-27",517,516,452,40,13,7,2013-04-27,2013,1,64,412,27,6,7
"650","2013-03-29",520,518,470,42,8,4,2013-03-29,2013,2,48,428,34,4,4
"651","2013-04-10",580,579,523,36,9,2,2013-04-10,2013,1,56,487,27,7,2
"652","2013-03-28",549,549,494,44,11,6,2013-03-28,2013,0,55,450,33,5,6
"653","2013-04-13",555,555,500,29,8,2,2013-04-13,2013,0,55,471,21,6,2
"654","2013-04-03",532,532,463,31,3,1,2013-04-03,2013,0,69,432,28,2,1
"655","2013-02-24",426,426,374,32,8,3,2013-02-24,2013,0,52,342,24,5,3
"656","2013-03-02",474,474,432,39,9,3,2013-03-02,2013,0,42,393,30,6,3
"657","2013-02-22",531,530,471,34,5,0,2013-02-22,2013,1,59,437,29,5,0
"658","2013-03-08",851,851,766,60,12,3,2013-03-08,2013,0,85,706,48,9,3
"659","2013-03-03",502,501,439,34,8,2,2013-03-03,2013,1,62,405,26,6,2
"660","2013-02-21",498,498,439,30,8,4,2013-02-21,2013,0,59,409,22,4,4
"661","2018-01-19",599,598,515,33,3,0,2018-01-19,2018,1,83,482,30,3,0
"662","2018-01-26",677,676,582,52,7,2,2018-01-26,2018,1,94,530,45,5,2
"663","2017-12-27",577,575,489,46,7,2,2017-12-27,2017,2,86,443,39,5,2
"664","2017-12-22",720,716,627,40,7,1,2017-12-22,2017,4,89,587,33,6,1
"665","2017-12-16",661,657,553,47,8,3,2017-12-16,2017,4,104,506,39,5,3
"666","2017-09-24",587,583,497,48,17,3,2017-09-24,2017,4,86,449,31,14,3
"667","2017-11-11",623,619,538,37,9,2,2017-11-11,2017,4,81,501,28,7,2
"668","2017-11-12",539,537,459,39,10,3,2017-11-12,2017,2,78,420,29,7,3
"669","2017-11-09",702,699,615,45,15,0,2017-11-09,2017,3,84,570,30,15,0
"670","2017-11-16",811,809,693,48,14,5,2017-11-16,2017,2,116,645,34,9,5
"671","2017-10-16",641,641,541,33,7,0,2017-10-16,2017,0,100,508,26,7,0
"672","2017-10-20",823,823,690,67,13,1,2017-10-20,2017,0,133,623,54,12,1
"673","2017-11-05",519,517,423,50,5,1,2017-11-05,2017,2,94,373,45,4,1
"674","2017-09-29",757,751,663,56,13,5,2017-09-29,2017,6,88,607,43,8,5
"675","2017-09-20",583,582,500,37,8,2,2017-09-20,2017,1,82,463,29,6,2
"676","2017-09-01",681,679,607,38,10,1,2017-09-01,2017,2,72,569,28,9,1
"677","2017-08-29",614,613,522,37,10,5,2017-08-29,2017,1,91,485,27,5,5
"678","2017-09-08",740,739,662,45,12,2,2017-09-08,2017,1,77,617,33,10,2
"679","2017-09-16",623,619,534,53,15,4,2017-09-16,2017,4,85,481,38,11,4
"680","2017-07-29",512,509,422,42,11,5,2017-07-29,2017,3,87,380,31,6,5
"681","2013-03-10",415,414,380,34,8,1,2013-03-10,2013,1,34,346,26,7,1
"682","2012-11-17",542,542,484,44,10,5,2012-11-17,2012,0,58,440,34,5,5
"683","2013-01-12",475,475,417,39,13,3,2013-01-12,2013,0,58,378,26,10,3
"684","2013-01-31",592,592,516,43,9,4,2013-01-31,2013,0,76,473,34,5,4
"685","2013-01-21",355,355,307,31,7,5,2013-01-21,2013,0,48,276,24,2,5
"686","2013-02-01",574,573,505,33,9,2,2013-02-01,2013,1,68,472,24,7,2
"687","2013-01-23",545,544,489,40,8,1,2013-01-23,2013,1,55,449,32,7,1
"688","2013-01-28",507,507,421,33,10,4,2013-01-28,2013,0,86,388,23,6,4
"689","2013-01-22",544,544,487,34,6,1,2013-01-22,2013,0,57,453,28,5,1
"690","2012-12-20",606,606,550,36,0,0,2012-12-20,2012,0,56,514,36,0,0
"691","2012-12-13",545,545,483,28,5,0,2012-12-13,2012,0,62,455,23,5,0
"692","2012-12-28",557,557,492,44,11,3,2012-12-28,2012,0,65,448,33,8,3
"693","2012-12-19",590,590,530,45,7,1,2012-12-19,2012,0,60,485,38,6,1
"694","2012-12-27",525,525,450,35,6,1,2012-12-27,2012,0,75,415,29,5,1
"695","2013-01-01",381,381,319,41,12,2,2013-01-01,2013,0,62,278,29,10,2
"696","2012-12-31",482,482,423,29,6,2,2012-12-31,2012,0,59,394,23,4,2
"697","2012-12-22",542,542,489,38,8,2,2012-12-22,2012,0,53,451,30,6,2
"698","2012-11-30",576,576,513,31,3,1,2012-11-30,2012,0,63,482,28,2,1
"699","2012-11-19",585,585,534,36,5,1,2012-11-19,2012,0,51,498,31,4,1
"700","2012-11-27",583,583,502,26,2,1,2012-11-27,2012,0,81,476,24,1,1
"701","2012-11-13",648,648,583,44,13,6,2012-11-13,2012,0,65,539,31,7,6
"702","2012-11-28",512,512,455,29,7,1,2012-11-28,2012,0,57,426,22,6,1
"703","2012-11-23",481,481,430,23,5,1,2012-11-23,2012,0,51,407,18,4,1
"704","2012-11-15",623,623,556,24,4,1,2012-11-15,2012,0,67,532,20,3,1
"705","2012-12-10",619,619,536,37,8,4,2012-12-10,2012,0,83,499,29,4,4
"706","2012-11-26",563,563,514,38,7,2,2012-11-26,2012,0,49,476,31,5,2
"707","2012-12-07",714,714,604,41,6,3,2012-12-07,2012,0,110,563,35,3,3
"708","2012-11-10",444,444,397,29,11,5,2012-11-10,2012,0,47,368,18,6,5
"709","2012-11-11",526,526,454,36,8,2,2012-11-11,2012,0,72,418,28,6,2
"710","2012-10-11",657,657,583,45,9,0,2012-10-11,2012,0,74,538,36,9,0
"711","2012-10-18",630,630,578,46,8,3,2012-10-18,2012,0,52,532,38,5,3
"712","2012-10-24",494,494,438,37,9,1,2012-10-24,2012,0,56,401,28,8,1
"713","2012-11-04",344,344,301,20,6,0,2012-11-04,2012,0,43,281,14,6,0
"714","2012-10-17",615,615,546,49,6,3,2012-10-17,2012,0,69,497,43,3,3
"715","2012-10-12",594,594,536,42,12,5,2012-10-12,2012,0,58,494,30,7,5
"716","2012-10-19",738,738,661,46,7,2,2012-10-19,2012,0,77,615,39,5,2
"717","2012-10-31",549,549,470,22,6,1,2012-10-31,2012,0,79,448,16,5,1
"718","2012-10-15",607,607,551,43,5,0,2012-10-15,2012,0,56,508,38,5,0
"719","2012-10-20",587,587,529,39,7,4,2012-10-20,2012,0,58,490,32,3,4
"720","2012-09-13",632,632,574,34,7,0,2012-09-13,2012,0,58,540,27,7,0
"721","2012-09-12",651,651,602,42,11,2,2012-09-12,2012,0,49,560,31,9,2
"722","2012-09-29",485,485,444,33,6,2,2012-09-29,2012,0,41,411,27,4,2
"723","2012-09-20",522,522,480,34,10,1,2012-09-20,2012,0,42,446,24,9,1
"724","2012-10-03",502,502,454,38,6,0,2012-10-03,2012,0,48,416,32,6,0
"725","2012-10-01",555,555,502,28,4,2,2012-10-01,2012,0,53,474,24,2,2
"726","2012-10-05",693,693,624,54,8,4,2012-10-05,2012,0,69,570,46,4,4
"727","2012-09-30",449,449,414,38,10,3,2012-09-30,2012,0,35,376,28,7,3
"728","2012-10-02",593,593,531,34,5,1,2012-10-02,2012,0,62,497,29,4,1
"729","2012-10-04",554,554,506,27,6,2,2012-10-04,2012,0,48,479,21,4,2
"730","2012-09-10",637,637,585,39,7,1,2012-09-10,2012,0,52,546,32,6,1
"731","2012-10-07",481,481,407,29,12,7,2012-10-07,2012,0,74,378,17,5,7
"732","2012-10-06",500,500,448,37,6,1,2012-10-06,2012,0,52,411,31,5,1
"733","2012-09-25",594,594,524,38,7,3,2012-09-25,2012,0,70,486,31,4,3
"734","2012-08-27",548,548,496,36,3,1,2012-08-27,2012,0,52,460,33,2,1
"735","2012-09-05",601,601,552,46,11,3,2012-09-05,2012,0,49,506,35,8,3
"736","2012-08-26",471,471,418,36,8,0,2012-08-26,2012,0,53,382,28,8,0
"737","2012-08-30",618,618,562,30,6,2,2012-08-30,2012,0,56,532,24,4,2
"738","2012-08-28",587,587,533,43,4,0,2012-08-28,2012,0,54,490,39,4,0
"739","2012-08-20",473,473,430,35,8,1,2012-08-20,2012,0,43,395,27,7,1
"740","2012-08-29",550,550,515,42,4,2,2012-08-29,2012,0,35,473,38,2,2
"741","2012-08-17",574,574,526,44,10,2,2012-08-17,2012,0,48,482,34,8,2
"742","2012-09-02",421,421,377,25,3,1,2012-09-02,2012,0,44,352,22,2,1
"743","2012-07-23",505,505,455,34,12,3,2012-07-23,2012,0,50,421,22,9,3
"744","2012-07-31",540,540,481,37,5,2,2012-07-31,2012,0,59,444,32,3,2
"745","2017-07-16",515,514,447,38,6,1,2017-07-16,2017,1,67,409,32,5,1
"746","2017-07-18",706,705,629,35,4,3,2017-07-18,2017,1,76,594,31,1,3
"747","2017-06-09",770,767,673,41,9,1,2017-06-09,2017,3,94,632,32,8,1
"748","2017-06-20",813,813,698,43,6,0,2017-06-20,2017,0,115,655,37,6,0
"749","2017-06-28",730,730,642,55,8,1,2017-06-28,2017,0,88,587,47,7,1
"750","2017-05-24",641,640,553,35,5,2,2017-05-24,2017,1,87,518,30,3,2
"751","2017-05-16",694,694,605,35,9,1,2017-05-16,2017,0,89,570,26,8,1
"752","2017-05-23",659,656,586,40,6,0,2017-05-23,2017,3,70,546,34,6,0
"753","2017-05-05",776,775,669,44,10,3,2017-05-05,2017,1,106,625,34,7,3
"754","2017-03-30",639,638,551,28,4,2,2017-03-30,2017,1,87,523,24,2,2
"755","2017-04-05",587,586,509,36,8,1,2017-04-05,2017,1,77,473,28,7,1
"756","2017-04-07",694,693,611,39,9,4,2017-04-07,2017,1,82,572,30,5,4
"757","2017-03-07",637,635,548,22,4,0,2017-03-07,2017,2,87,526,18,4,0
"758","2017-03-19",550,549,449,44,11,4,2017-03-19,2017,1,100,405,33,7,4
"759","2017-01-31",571,569,495,36,5,2,2017-01-31,2017,2,74,459,31,3,2
"760","2017-02-06",568,567,487,31,9,3,2017-02-06,2017,1,80,456,22,6,3
"761","2017-01-27",583,581,506,37,12,2,2017-01-27,2017,2,75,469,25,10,2
"762","2017-02-09",507,506,423,41,8,4,2017-02-09,2017,1,83,382,33,4,4
"763","2012-07-11",565,565,513,35,5,0,2012-07-11,2012,0,52,478,30,5,0
"764","2012-07-21",528,528,473,47,10,3,2012-07-21,2012,0,55,426,37,7,3
"765","2012-07-17",648,648,592,34,7,2,2012-07-17,2012,0,56,558,27,5,2
"766","2012-07-13",603,603,553,39,12,2,2012-07-13,2012,0,50,514,27,10,2
"767","2012-08-02",570,570,513,37,3,0,2012-08-02,2012,0,57,476,34,3,0
"768","2012-07-10",524,524,464,39,7,1,2012-07-10,2012,0,60,425,32,6,1
"769","2012-07-28",513,513,457,37,11,3,2012-07-28,2012,0,56,420,26,8,3
"770","2012-07-05",591,591,548,51,14,5,2012-07-05,2012,0,43,497,37,9,5
"771","2012-07-01",538,538,491,39,7,0,2012-07-01,2012,0,47,452,32,7,0
"772","2012-07-09",533,533,479,38,10,2,2012-07-09,2012,0,54,441,28,8,2
"773","2022-10-03",321,319,233,26,5,1,2022-10-03,2022,2,86,207,21,4,1
"774","2022-10-23",226,226,165,21,6,2,2022-10-23,2022,0,61,144,15,4,2
"775","2022-10-26",247,245,180,23,6,1,2022-10-26,2022,2,65,157,17,5,1
"776","2017-01-07",896,894,757,73,14,1,2017-01-07,2017,2,137,684,59,13,1
"777","2017-01-08",406,406,318,33,5,0,2017-01-08,2017,0,88,285,28,5,0
"778","2017-01-14",495,492,387,35,12,3,2017-01-14,2017,3,105,352,23,9,3
"779","2016-12-02",690,688,600,34,5,2,2016-12-02,2016,2,88,566,29,3,2
"780","2016-12-19",722,721,617,42,7,0,2016-12-19,2016,1,104,575,35,7,0
"781","2016-11-09",541,539,473,34,8,1,2016-11-09,2016,2,66,439,26,7,1
"782","2016-08-27",624,621,537,48,12,7,2016-08-27,2016,3,84,489,36,5,7
"783","2016-11-01",732,731,632,50,6,1,2016-11-01,2016,1,99,582,44,5,1
"784","2021-12-16",317,315,240,32,9,3,2021-12-16,2021,2,75,208,23,6,3
"785","2022-03-17",279,279,210,23,8,3,2022-03-17,2022,0,69,187,15,5,3
"786","2021-09-17",375,374,293,34,4,4,2021-09-17,2021,1,81,259,30,0,4
"787","2021-04-30",331,330,261,31,10,1,2021-04-30,2021,1,69,230,21,9,1
"788","2021-08-23",293,291,209,27,7,2,2021-08-23,2021,2,82,182,20,5,2
"789","2021-09-23",319,317,252,28,7,2,2021-09-23,2021,2,65,224,21,5,2
"790","2021-09-24",383,378,294,40,6,2,2021-09-24,2021,5,84,254,34,4,2
"791","2021-05-17",320,315,244,35,9,1,2021-05-17,2021,5,71,209,26,8,1
"792","2021-11-16",315,314,259,29,5,2,2021-11-16,2021,1,55,230,24,3,2
"793","2021-05-23",330,329,267,39,15,3,2021-05-23,2021,1,62,228,24,12,3
"794","2021-05-25",354,354,276,27,11,3,2021-05-25,2021,0,78,249,16,8,3
"795","2021-06-04",331,331,242,28,3,2,2021-06-04,2021,0,89,214,25,1,2
"796","2022-07-01",315,315,241,31,6,2,2022-07-01,2022,0,74,210,25,4,2
"797","2022-02-06",269,267,189,39,8,4,2022-02-06,2022,2,78,150,31,4,4
"798","2021-06-11",343,343,278,31,8,3,2021-06-11,2021,0,65,247,23,5,3
"799","2022-04-03",256,255,206,34,5,1,2022-04-03,2022,1,49,172,29,4,1
"800","2021-06-16",370,367,286,32,14,5,2021-06-16,2021,3,81,254,18,9,5
"801","2021-06-19",372,372,290,52,16,1,2021-06-19,2021,0,82,238,36,15,1
"802","2022-01-10",265,262,186,30,5,0,2022-01-10,2022,3,76,156,25,5,0
"803","2021-07-16",350,350,279,37,10,3,2021-07-16,2021,0,71,242,27,7,3
"804","2021-07-20",286,285,225,30,6,2,2021-07-20,2021,1,60,195,24,4,2
"805","2021-07-21",330,329,251,37,7,4,2021-07-21,2021,1,78,214,30,3,4
"806","2021-10-31",362,360,285,44,13,8,2021-10-31,2021,2,75,241,31,5,8
"807","2021-07-24",337,336,275,40,16,4,2021-07-24,2021,1,61,235,24,12,4
"808","2021-07-25",322,321,248,44,17,7,2021-07-25,2021,1,73,204,27,10,7
"809","2022-01-21",288,287,221,27,5,1,2022-01-21,2022,1,66,194,22,4,1
"810","2021-07-26",359,357,284,38,10,2,2021-07-26,2021,2,73,246,28,8,2
"811","2021-07-30",383,380,296,35,4,1,2021-07-30,2021,3,84,261,31,3,1
"812","2021-07-31",353,352,282,30,8,0,2021-07-31,2021,1,70,252,22,8,0
"813","2021-08-01",303,302,239,49,19,10,2021-08-01,2021,1,63,190,30,9,10
"814","2021-08-14",302,299,229,30,9,4,2021-08-14,2021,3,70,199,21,5,4
"815","2021-08-21",321,318,248,40,8,4,2021-08-21,2021,3,70,208,32,4,4
"816","2022-01-20",246,245,183,23,7,2,2022-01-20,2022,1,62,160,16,5,2
"817","2021-09-05",293,291,229,37,7,1,2021-09-05,2021,2,62,192,30,6,1
"818","2022-02-15",289,287,230,27,5,2,2022-02-15,2022,2,57,203,22,3,2
"819","2022-04-23",284,283,225,49,16,3,2022-04-23,2022,1,58,176,33,13,3
"820","2022-02-25",251,248,186,26,10,2,2022-02-25,2022,3,62,160,16,8,2
"821","2022-03-05",259,259,195,32,11,3,2022-03-05,2022,0,64,163,21,8,3
"822","2022-04-30",321,318,256,34,8,3,2022-04-30,2022,3,62,222,26,5,3
"823","2022-03-16",310,308,226,22,8,2,2022-03-16,2022,2,82,204,14,6,2
"824","2022-05-09",295,293,240,33,6,0,2022-05-09,2022,2,53,207,27,6,0
"825","2022-05-10",296,294,226,16,3,1,2022-05-10,2022,2,68,210,13,2,1
"826","2016-10-29",614,611,530,43,7,1,2016-10-29,2016,3,81,487,36,6,1
"827","2016-10-13",757,754,658,46,8,2,2016-10-13,2016,3,96,612,38,6,2
"828","2016-10-07",754,751,671,54,10,2,2016-10-07,2016,3,80,617,44,8,2
"829","2016-09-23",812,809,715,52,12,2,2016-09-23,2016,3,94,663,40,10,2
"830","2016-09-22",660,659,572,36,13,2,2016-09-22,2016,1,87,536,23,11,2
"831","2016-07-15",798,797,704,59,16,5,2016-07-15,2016,1,93,645,43,11,5
"832","2016-08-15",643,642,543,45,4,2,2016-08-15,2016,1,99,498,41,2,2
"833","2016-08-11",672,670,595,38,7,1,2016-08-11,2016,2,75,557,31,6,1
"834","2016-06-30",761,759,673,45,12,3,2016-06-30,2016,2,86,628,33,9,3
"835","2016-07-10",508,506,426,48,11,3,2016-07-10,2016,2,80,378,37,8,3
"836","2016-07-20",698,698,603,51,10,2,2016-07-20,2016,0,95,552,41,8,2
"837","2016-07-19",699,697,596,51,10,3,2016-07-19,2016,2,101,545,41,7,3
"838","2016-07-22",769,765,671,49,13,4,2016-07-22,2016,4,94,622,36,9,4
"839","2016-07-02",570,566,484,35,13,3,2016-07-02,2016,4,82,449,22,10,3
"840","2016-06-26",582,582,493,43,15,6,2016-06-26,2016,0,89,450,28,9,6
"841","2016-06-11",584,581,502,58,9,4,2016-06-11,2016,3,79,444,49,5,4
"842","2016-06-15",739,737,647,41,6,1,2016-06-15,2016,2,90,606,35,5,1
"843","2016-06-17",748,747,669,55,14,4,2016-06-17,2016,1,78,614,41,10,4
"844","2016-06-09",686,684,612,39,9,4,2016-06-09,2016,2,72,573,30,5,4
"845","2016-06-22",751,751,648,47,7,1,2016-06-22,2016,0,103,601,40,6,1
"846","2016-05-24",695,695,591,48,11,1,2016-05-24,2016,0,104,543,37,10,1
"847","2016-05-20",782,781,691,42,7,3,2016-05-20,2016,1,90,649,35,4,3
"848","2016-04-21",694,691,601,50,15,6,2016-04-21,2016,3,90,551,35,9,6
"849","2016-04-14",674,672,588,45,8,1,2016-04-14,2016,2,84,543,37,7,1
"850","2016-04-18",687,683,602,41,14,4,2016-04-18,2016,4,81,561,27,10,4
"851","2016-03-28",658,656,533,42,7,1,2016-03-28,2016,2,123,491,35,6,1
"852","2016-03-11",672,667,593,40,6,3,2016-03-11,2016,5,74,553,34,3,3
"853","2016-01-29",645,644,564,31,9,4,2016-01-29,2016,1,80,533,22,5,4
"854","2016-03-08",632,627,548,42,4,1,2016-03-08,2016,5,79,506,38,3,1
"855","2016-03-03",625,623,543,31,11,2,2016-03-03,2016,2,80,512,20,9,2
"856","2016-03-07",571,571,506,28,6,2,2016-03-07,2016,0,65,478,22,4,2
"857","2016-02-24",660,655,544,38,9,3,2016-02-24,2016,5,111,506,29,6,3
"858","2016-02-22",615,614,536,42,6,5,2016-02-22,2016,1,78,494,36,1,5
"859","2016-02-25",663,659,567,40,10,3,2016-02-25,2016,4,92,527,30,7,3
"860","2016-03-02",653,651,581,30,4,1,2016-03-02,2016,2,70,551,26,3,1
"861","2016-02-19",532,526,468,36,10,1,2016-02-19,2016,6,58,432,26,9,1
"862","2016-02-29",616,611,549,31,7,0,2016-02-29,2016,5,62,518,24,7,0
"863","2016-02-04",609,606,525,33,7,2,2016-02-04,2016,3,81,492,26,5,2
"864","2016-02-02",711,707,615,31,8,0,2016-02-02,2016,4,92,584,23,8,0
"865","2016-01-31",532,527,466,37,13,4,2016-01-31,2016,5,61,429,24,9,4
"866","2016-02-10",537,537,466,29,7,1,2016-02-10,2016,0,71,437,22,6,1
"867","2016-02-15",291,290,253,28,9,3,2016-02-15,2016,1,37,225,19,6,3
"868","2016-02-01",716,711,620,41,7,2,2016-02-01,2016,5,91,579,34,5,2
"869","2016-01-07",542,541,478,35,12,5,2016-01-07,2016,1,63,443,23,7,5
"870","2016-01-12",637,635,551,39,9,2,2016-01-12,2016,2,84,512,30,7,2
"871","2016-01-20",623,619,548,35,6,2,2016-01-20,2016,4,71,513,29,4,2
"872","2016-01-16",563,563,492,43,11,3,2016-01-16,2016,0,71,449,32,8,3
"873","2015-12-27",518,517,458,54,15,5,2015-12-27,2015,1,59,404,39,10,5
"874","2016-01-08",602,601,517,33,7,2,2016-01-08,2016,1,84,484,26,5,2
"875","2015-12-19",624,621,555,44,11,0,2015-12-19,2015,3,66,511,33,11,0
"876","2015-12-08",618,616,555,41,8,2,2015-12-08,2015,2,61,514,33,6,2
"877","2015-12-05",629,627,551,49,12,0,2015-12-05,2015,2,76,502,37,12,0
"878","2015-11-30",611,607,536,31,6,0,2015-11-30,2015,4,71,505,25,6,0
"879","2015-11-05",690,686,611,57,13,6,2015-11-05,2015,4,75,554,44,7,6
"880","2015-11-13",677,673,599,33,8,4,2015-11-13,2015,4,74,566,25,4,4
"881","2015-11-22",431,428,371,27,6,3,2015-11-22,2015,3,57,344,21,3,3
"882","2015-11-07",500,499,442,48,9,0,2015-11-07,2015,1,57,394,39,9,0
"883","2015-10-24",519,516,464,41,6,2,2015-10-24,2015,3,52,423,35,4,2
"884","2022-05-21",348,347,282,29,10,3,2022-05-21,2022,1,65,253,19,7,3
"885","2022-05-24",278,278,232,29,14,4,2022-05-24,2022,0,46,203,15,10,4
"886","2022-05-05",351,349,270,31,10,3,2022-05-05,2022,2,79,239,21,7,3
"887","2022-05-30",255,254,203,32,5,2,2022-05-30,2022,1,51,171,27,3,2
"888","2022-06-07",307,306,240,30,7,0,2022-06-07,2022,1,66,210,23,7,0
"889","2022-08-05",323,319,238,22,2,2,2022-08-05,2022,4,81,216,20,0,2
"890","2022-06-12",273,271,221,37,11,4,2022-06-12,2022,2,50,184,26,7,4
"891","2022-08-08",317,315,245,26,7,2,2022-08-08,2022,2,70,219,19,5,2
"892","2022-06-18",317,317,258,35,11,3,2022-06-18,2022,0,59,223,24,8,3
"893","2022-08-06",308,308,244,31,7,1,2022-08-06,2022,0,64,213,24,6,1
"894","2022-08-26",296,296,234,25,7,3,2022-08-26,2022,0,62,209,18,4,3
"895","2021-01-10",177,175,126,17,6,1,2021-01-10,2021,2,49,109,11,5,1
"896","2021-04-02",283,282,229,39,11,2,2021-04-02,2021,1,53,190,28,9,2
"897","2021-04-08",310,310,243,25,8,1,2021-04-08,2021,0,67,218,17,7,1
"898","2021-04-12",264,263,196,27,5,1,2021-04-12,2021,1,67,169,22,4,1
"899","2020-12-23",360,355,281,36,9,6,2020-12-23,2020,5,74,245,27,3,6
"900","2021-01-28",262,260,208,24,10,0,2021-01-28,2021,2,52,184,14,10,0
"901","2021-01-27",262,262,208,35,7,5,2021-01-27,2021,0,54,173,28,2,5
"902","2020-10-17",335,333,255,45,13,4,2020-10-17,2020,2,78,210,32,9,4
"903","2020-08-23",316,316,256,36,12,2,2020-08-23,2020,0,60,220,24,10,2
"904","2020-09-05",362,362,280,35,8,3,2020-09-05,2020,0,82,245,27,5,3
"905","2020-10-06",325,324,258,37,10,2,2020-10-06,2020,1,66,221,27,8,2
"906","2020-09-25",348,347,283,29,9,3,2020-09-25,2020,1,64,254,20,6,3
"907","2020-10-03",323,321,265,42,7,5,2020-10-03,2020,2,56,223,35,2,5
"908","2020-10-09",330,325,250,34,9,3,2020-10-09,2020,5,75,216,25,6,3
"909","2020-09-23",356,355,278,31,6,4,2020-09-23,2020,1,77,247,25,2,4
"910","2020-06-24",300,298,231,24,6,2,2020-06-24,2020,2,67,207,18,4,2
"911","2020-07-17",308,304,238,36,8,2,2020-07-17,2020,4,66,202,28,6,2
"912","2020-08-07",337,334,254,46,14,6,2020-08-07,2020,3,80,208,32,8,6
"913","2020-08-01",375,374,289,49,16,3,2020-08-01,2020,1,85,240,33,13,3
"914","2020-07-28",298,296,233,32,8,2,2020-07-28,2020,2,63,201,24,6,2
"915","2020-06-13",282,282,215,34,7,2,2020-06-13,2020,0,67,181,27,5,2
"916","2020-04-25",152,151,107,23,8,1,2020-04-25,2020,1,44,84,15,7,1
"917","2015-10-06",631,628,540,43,8,2,2015-10-06,2015,3,88,497,35,6,2
"918","2015-10-16",676,675,591,44,7,2,2015-10-16,2015,1,84,547,37,5,2
"919","2015-10-12",505,502,432,28,6,1,2015-10-12,2015,3,70,404,22,5,1
"920","2015-10-15",683,680,588,39,10,2,2015-10-15,2015,3,92,549,29,8,2
"921","2015-09-30",634,627,550,32,7,0,2015-09-30,2015,7,77,518,25,7,0
"922","2015-09-07",485,482,427,32,6,1,2015-09-07,2015,3,55,395,26,5,1
"923","2015-09-25",585,583,507,43,9,4,2015-09-25,2015,2,76,464,34,5,4
"924","2015-09-18",760,759,677,42,9,0,2015-09-18,2015,1,82,635,33,9,0
"925","2015-09-05",541,539,485,40,5,1,2015-09-05,2015,2,54,445,35,4,1
"926","2015-09-12",554,553,485,34,10,5,2015-09-12,2015,1,68,451,24,5,5
"927","2015-09-11",765,762,690,47,15,7,2015-09-11,2015,3,72,643,32,8,7
"928","2015-09-14",579,577,505,34,10,3,2015-09-14,2015,2,72,471,24,7,3
"929","2015-09-16",748,744,663,48,10,2,2015-09-16,2015,4,81,615,38,8,2
"930","2015-08-23",492,492,438,55,16,2,2015-08-23,2015,0,54,383,39,14,2
"931","2015-08-27",614,613,548,49,6,2,2015-08-27,2015,1,65,499,43,4,2
"932","2015-08-30",563,560,498,49,7,1,2015-08-30,2015,3,62,449,42,6,1
"933","2015-08-10",611,611,551,29,7,1,2015-08-10,2015,0,60,522,22,6,1
"934","2015-08-26",606,604,547,33,7,0,2015-08-26,2015,2,57,514,26,7,0
"935","2015-08-19",594,590,530,39,10,2,2015-08-19,2015,4,60,491,29,8,2
"936","2015-08-21",753,745,657,43,8,0,2015-08-21,2015,8,88,614,35,8,0
"937","2015-08-31",614,609,527,34,8,2,2015-08-31,2015,5,82,493,26,6,2
"938","2015-08-01",668,667,604,39,11,2,2015-08-01,2015,1,63,565,28,9,2
"939","2015-07-22",618,618,547,34,10,3,2015-07-22,2015,0,71,513,24,7,3
"940","2015-07-17",659,656,579,41,8,2,2015-07-17,2015,3,77,538,33,6,2
"941","2015-07-24",490,487,432,29,3,0,2015-07-24,2015,3,55,403,26,3,0
"942","2015-07-13",668,666,593,49,12,4,2015-07-13,2015,2,73,544,37,8,4
"943","2015-07-12",521,518,472,45,9,2,2015-07-12,2015,3,46,427,36,7,2
"944","2015-07-14",657,656,578,29,4,0,2015-07-14,2015,1,78,549,25,4,0
"945","2015-07-03",549,547,489,42,12,3,2015-07-03,2015,2,58,447,30,9,3
"946","2015-06-26",774,770,701,42,12,5,2015-06-26,2015,4,69,659,30,7,5
"947","2015-07-06",598,596,538,46,4,2,2015-07-06,2015,2,58,492,42,2,2
"948","2015-06-19",732,729,649,38,7,4,2015-06-19,2015,3,80,611,31,3,4
"949","2015-07-09",567,563,502,29,4,0,2015-07-09,2015,4,61,473,25,4,0
"950","2015-06-16",593,590,517,33,5,1,2015-06-16,2015,3,73,484,28,4,1
"951","2015-06-28",535,535,467,45,10,1,2015-06-28,2015,0,68,422,35,9,1
"952","2015-05-23",546,543,486,38,5,0,2015-05-23,2015,3,57,448,33,5,0
"953","2015-06-02",642,638,574,38,4,2,2015-06-02,2015,4,64,536,34,2,2
"954","2015-05-30",622,621,553,39,8,3,2015-05-30,2015,1,68,514,31,5,3
"955","2015-06-08",634,632,562,32,8,1,2015-06-08,2015,2,70,530,24,7,1
"956","2015-05-06",568,567,506,32,5,0,2015-05-06,2015,1,61,474,27,5,0
"957","2015-05-04",641,637,567,35,8,4,2015-05-04,2015,4,70,532,27,4,4
"958","2020-05-06",184,184,135,25,6,3,2020-05-06,2020,0,49,110,19,3,3
"959","2020-03-11",473,472,399,34,10,3,2020-03-11,2020,1,73,365,24,7,3
"960","2020-02-24",493,490,424,47,11,1,2020-02-24,2020,3,66,377,36,10,1
"961","2020-02-29",456,453,360,33,8,3,2020-02-29,2020,3,93,327,25,5,3
"962","2020-02-06",544,542,427,39,9,4,2020-02-06,2020,2,115,388,30,5,4
"963","2020-01-25",383,381,302,22,4,1,2020-01-25,2020,2,79,280,18,3,1
"964","2020-01-14",497,493,395,35,4,2,2020-01-14,2020,4,98,360,31,2,2
"965","2019-12-24",530,525,420,26,7,1,2019-12-24,2019,5,105,394,19,6,1
"966","2019-12-01",409,407,316,36,9,3,2019-12-01,2019,2,91,280,27,6,3
"967","2019-12-04",552,551,459,35,6,2,2019-12-04,2019,1,92,424,29,4,2
"968","2019-12-02",580,574,421,29,2,1,2019-12-02,2019,6,153,392,27,1,1
"969","2019-12-07",566,564,477,53,7,2,2019-12-07,2019,2,87,424,46,5,2
"970","2019-11-19",630,626,523,25,7,3,2019-11-19,2019,4,103,498,18,4,3
"971","2019-11-30",465,464,390,41,12,4,2019-11-30,2019,1,74,349,29,8,4
"972","2019-11-06",615,614,534,43,7,2,2019-11-06,2019,1,80,491,36,5,2
"973","2019-10-31",616,611,495,33,6,4,2019-10-31,2019,5,116,462,27,2,4
"974","2019-10-25",647,647,550,39,9,2,2019-10-25,2019,0,97,511,30,7,2
"975","2019-09-16",620,620,516,32,3,0,2019-09-16,2019,0,104,484,29,3,0
"976","2019-08-30",630,629,530,44,11,1,2019-08-30,2019,1,99,486,33,10,1
"977","2019-09-03",652,649,555,39,11,4,2019-09-03,2019,3,94,516,28,7,4
"978","2019-09-01",473,471,405,40,13,5,2019-09-01,2019,2,66,365,27,8,5
"979","2019-08-22",587,586,485,32,1,0,2019-08-22,2019,1,101,453,31,1,0
"980","2019-08-19",563,561,478,33,5,1,2019-08-19,2019,2,83,445,28,4,1
"981","2015-04-22",568,565,497,33,8,0,2015-04-22,2015,3,68,464,25,8,0
"982","2015-04-25",592,591,520,41,12,3,2015-04-25,2015,1,71,479,29,9,3
"983","2015-04-24",676,672,593,41,6,2,2015-04-24,2015,4,79,552,35,4,2
"984","2015-03-31",628,624,537,31,13,3,2015-03-31,2015,4,87,506,18,10,3
"985","2015-04-06",510,508,446,38,7,2,2015-04-06,2015,2,62,408,31,5,2
"986","2015-04-11",576,575,519,44,19,8,2015-04-11,2015,1,56,475,25,11,8
"987","2015-04-01",648,646,586,42,9,1,2015-04-01,2015,2,60,544,33,8,1
"988","2015-03-28",459,459,401,28,4,2,2015-03-28,2015,0,58,373,24,2,2
"989","2015-04-09",452,449,403,27,4,3,2015-04-09,2015,3,46,376,23,1,3
"990","2015-03-06",939,935,844,79,19,5,2015-03-06,2015,4,91,765,60,14,5
"991","2015-03-08",464,464,414,43,11,7,2015-03-08,2015,0,50,371,32,4,7
"992","2015-03-18",547,544,482,34,5,3,2015-03-18,2015,3,62,448,29,2,3
"993","2015-03-16",529,527,470,35,4,2,2015-03-16,2015,2,57,435,31,2,2
"994","2015-02-05",569,568,495,30,6,0,2015-02-05,2015,1,73,465,24,6,0
"995","2015-02-03",740,736,663,56,14,3,2015-02-03,2015,4,73,607,42,11,3
"996","2015-02-10",571,571,498,34,9,3,2015-02-10,2015,0,73,464,25,6,3
"997","2015-02-07",449,447,398,23,6,1,2015-02-07,2015,2,49,375,17,5,1
"998","2015-02-04",585,582,510,29,5,2,2015-02-04,2015,3,72,481,24,3,2
"999","2015-02-23",574,571,511,23,3,0,2015-02-23,2015,3,60,488,20,3,0
"1000","2015-02-11",610,609,534,34,11,0,2015-02-11,2015,1,75,500,23,11,0
"1001","2015-01-26",484,483,432,38,3,1,2015-01-26,2015,1,51,394,35,2,1
"1002","2015-01-21",495,494,438,27,5,2,2015-01-21,2015,1,56,411,22,3,2
"1003","2015-01-20",500,499,427,22,4,1,2015-01-20,2015,1,72,405,18,3,1
"1004","2015-01-06",777,775,687,59,15,5,2015-01-06,2015,2,88,628,44,10,5
"1005","2015-01-02",442,438,380,21,3,1,2015-01-02,2015,4,58,359,18,2,1
"1006","2015-01-01",395,394,343,48,15,4,2015-01-01,2015,1,51,295,33,11,4
"1007","2014-12-12",687,685,607,45,10,1,2014-12-12,2014,2,78,562,35,9,1
"1008","2014-12-11",669,667,599,44,5,2,2014-12-11,2014,2,68,555,39,3,2
"1009","2014-11-26",742,742,618,26,4,1,2014-11-26,2014,0,124,592,22,3,1
"1010","2014-11-25",599,597,538,39,5,0,2014-11-25,2014,2,59,499,34,5,0
"1011","2014-12-03",569,567,488,46,11,2,2014-12-03,2014,2,79,442,35,9,2
"1012","2014-11-27",378,378,324,40,7,1,2014-11-27,2014,0,54,284,33,6,1
"1013","2014-12-18",621,617,544,36,5,1,2014-12-18,2014,4,73,508,31,4,1
"1014","2014-12-14",439,439,398,39,9,2,2014-12-14,2014,0,41,359,30,7,2
"1015","2014-11-30",377,377,341,30,6,2,2014-11-30,2014,0,36,311,24,4,2
"1016","2014-11-08",543,541,479,34,5,2,2014-11-08,2014,2,62,445,29,3,2
"1017","2014-11-02",532,531,438,41,9,2,2014-11-02,2014,1,93,397,32,7,2
"1018","2014-11-20",635,635,563,41,10,2,2014-11-20,2014,0,72,522,31,8,2
"1019","2014-11-23",425,425,375,35,10,5,2014-11-23,2014,0,50,340,25,5,5
"1020","2014-11-01",656,656,543,57,13,1,2014-11-01,2014,0,113,486,44,12,1
"1021","2014-11-19",633,631,560,39,5,1,2014-11-19,2014,2,71,521,34,4,1
"1022","2014-11-13",696,693,595,26,8,0,2014-11-13,2014,3,98,569,18,8,0
"1023","2014-11-04",538,538,462,31,6,2,2014-11-04,2014,0,76,431,25,4,2
"1024","2014-11-18",712,709,613,42,6,0,2014-11-18,2014,3,96,571,36,6,0
"1025","2014-09-28",512,511,447,34,5,0,2014-09-28,2014,1,64,413,29,5,0
"1026","2014-10-21",607,606,532,25,5,2,2014-10-21,2014,1,74,507,20,3,2
"1027","2014-10-22",708,708,589,51,11,6,2014-10-22,2014,0,119,538,40,5,6
"1028","2019-08-06",551,551,471,41,8,2,2019-08-06,2019,0,80,430,33,6,2
"1029","2019-08-09",645,643,546,45,9,2,2019-08-09,2019,2,97,501,36,7,2
"1030","2019-07-05",542,539,452,36,9,1,2019-07-05,2019,3,87,416,27,8,1
"1031","2019-06-29",660,657,552,58,11,1,2019-06-29,2019,3,105,494,47,10,1
"1032","2019-06-26",803,802,708,39,8,2,2019-06-26,2019,1,94,669,31,6,2
"1033","2019-06-25",662,662,560,57,13,4,2019-06-25,2019,0,102,503,44,9,4
"1034","2019-07-13",558,556,478,49,8,2,2019-07-13,2019,2,78,429,41,6,2
"1035","2019-06-02",515,513,447,44,11,5,2019-06-02,2019,2,66,403,33,6,5
"1036","2019-06-13",634,631,553,34,8,2,2019-06-13,2019,3,78,519,26,6,2
"1037","2019-06-08",580,577,483,40,10,1,2019-06-08,2019,3,94,443,30,9,1
"1038","2019-06-09",526,525,435,43,13,6,2019-06-09,2019,1,90,392,30,7,6
"1039","2019-05-14",621,619,534,31,7,0,2019-05-14,2019,2,85,503,24,7,0
"1040","2019-05-04",553,551,471,30,7,1,2019-05-04,2019,2,80,441,23,6,1
"1041","2019-05-24",728,724,615,51,7,0,2019-05-24,2019,4,109,564,44,7,0
"1042","2019-05-20",689,685,579,44,7,3,2019-05-20,2019,4,106,535,37,4,3
"1043","2019-04-19",551,548,480,41,10,5,2019-04-19,2019,3,68,439,31,5,5
"1044","2019-04-12",688,686,583,43,6,0,2019-04-12,2019,2,103,540,37,6,0
"1045","2019-04-30",587,580,498,34,6,2,2019-04-30,2019,7,82,464,28,4,2
"1046","2019-04-01",602,602,520,36,10,2,2019-04-01,2019,0,82,484,26,8,2
"1047","2019-01-29",681,675,521,40,9,4,2019-01-29,2019,6,154,481,31,5,4
"1048","2019-03-22",718,710,601,45,9,1,2019-03-22,2019,8,109,556,36,8,1
"1049","2019-03-05",639,639,554,42,9,0,2019-03-05,2019,0,85,512,33,9,0
"1050","2019-02-14",664,664,580,34,6,0,2019-02-14,2019,0,84,546,28,6,0
"1051","2019-02-21",597,593,491,38,8,4,2019-02-21,2019,4,102,453,30,4,4
"1052","2019-02-13",639,637,538,31,8,2,2019-02-13,2019,2,99,507,23,6,2
"1053","2014-10-18",494,493,432,37,6,1,2014-10-18,2014,1,61,395,31,5,1
"1054","2014-09-16",613,610,553,32,8,2,2014-09-16,2014,3,57,521,24,6,2
"1055","2014-09-12",730,730,645,37,3,1,2014-09-12,2014,0,85,608,34,2,1
"1056","2014-09-19",648,645,588,47,12,2,2014-09-19,2014,3,57,541,35,10,2
"1057","2014-09-15",610,608,548,40,7,2,2014-09-15,2014,2,60,508,33,5,2
"1058","2014-09-09",592,590,538,36,6,1,2014-09-09,2014,2,52,502,30,5,1
"1059","2014-09-24",566,562,507,36,6,1,2014-09-24,2014,4,55,471,30,5,1
"1060","2014-09-22",662,659,584,47,10,5,2014-09-22,2014,3,75,537,37,5,5
"1061","2014-09-13",558,558,493,33,12,6,2014-09-13,2014,0,65,460,21,6,6
"1062","2014-09-04",727,725,641,44,6,0,2014-09-04,2014,2,84,597,38,6,0
"1063","2014-09-06",553,551,485,36,5,1,2014-09-06,2014,2,66,449,31,4,1
"1064","2014-09-11",619,619,547,37,7,3,2014-09-11,2014,0,72,510,30,4,3
"1065","2014-08-04",589,588,524,35,5,2,2014-08-04,2014,1,64,489,30,3,2
"1066","2014-08-14",625,624,562,41,10,6,2014-08-14,2014,1,62,521,31,4,6
"1067","2014-08-05",606,604,546,36,7,1,2014-08-05,2014,2,58,510,29,6,1
"1068","2014-08-16",490,488,434,38,10,2,2014-08-16,2014,2,54,396,28,8,2
"1069","2014-08-18",595,593,529,32,7,3,2014-08-18,2014,2,64,497,25,4,3
"1070","2014-08-26",608,606,530,36,7,1,2014-08-26,2014,2,76,494,29,6,1
"1071","2014-07-30",605,603,548,33,4,2,2014-07-30,2014,2,55,515,29,2,2
"1072","2014-07-25",653,651,586,40,9,4,2014-07-25,2014,2,65,546,31,5,4
"1073","2014-07-09",569,568,499,35,1,0,2014-07-09,2014,1,69,464,34,1,0
"1074","2014-07-18",624,623,567,37,8,1,2014-07-18,2014,1,56,530,29,7,1
"1075","2014-07-17",587,585,524,42,10,2,2014-07-17,2014,2,61,482,32,8,2
"1076","2014-07-16",551,551,499,34,6,2,2014-07-16,2014,0,52,465,28,4,2
"1077","2014-07-23",591,591,536,36,10,3,2014-07-23,2014,0,55,500,26,7,3
"1078","2014-07-08",594,591,498,36,7,2,2014-07-08,2014,3,93,462,29,5,2
"1079","2014-07-27",476,476,431,49,10,2,2014-07-27,2014,0,45,382,39,8,2
"1080","2014-07-19",480,478,440,42,16,6,2014-07-19,2014,2,38,398,26,10,6
"1081","2014-06-07",623,623,557,47,9,3,2014-06-07,2014,0,66,510,38,6,3
"1082","2014-06-11",576,574,514,35,7,6,2014-06-11,2014,2,60,479,28,1,6
"1083","2014-06-22",477,477,437,39,13,4,2014-06-22,2014,0,40,398,26,9,4
"1084","2014-06-14",613,610,541,38,5,3,2014-06-14,2014,3,69,503,33,2,3
"1085","2014-06-29",537,536,481,31,10,3,2014-06-29,2014,1,55,450,21,7,3
"1086","2014-06-17",666,662,593,49,7,2,2014-06-17,2014,4,69,544,42,5,2
"1087","2014-06-09",528,526,463,33,5,0,2014-06-09,2014,2,63,430,28,5,0
"1088","2014-06-25",646,644,568,34,4,0,2014-06-25,2014,2,76,534,30,4,0
"1089","2014-05-17",619,617,562,43,6,3,2014-05-17,2014,2,55,519,37,3,3
"1090","2014-05-12",581,580,515,28,5,3,2014-05-12,2014,1,65,487,23,2,3
"1091","2014-06-01",604,602,535,44,12,3,2014-06-01,2014,2,67,491,32,9,3
"1092","2014-05-26",433,432,379,38,12,2,2014-05-26,2014,1,53,341,26,10,2
"1093","2014-05-24",486,484,428,29,6,2,2014-05-24,2014,2,56,399,23,4,2
"1094","2014-05-20",650,648,585,37,3,0,2014-05-20,2014,2,63,548,34,3,0
"1095","2014-05-06",565,565,505,34,5,1,2014-05-06,2014,0,60,471,29,4,1
"1096","2014-04-06",484,484,412,33,7,4,2014-04-06,2014,0,72,379,26,3,4
"1097","2014-04-27",449,449,398,26,9,3,2014-04-27,2014,0,51,372,17,6,3
"1098","2014-04-19",525,525,470,30,7,0,2014-04-19,2014,0,55,440,23,7,0
"1099","2014-04-18",496,496,450,30,11,4,2014-04-18,2014,0,46,420,19,7,4
"1100","2014-04-14",514,512,444,26,3,1,2014-04-14,2014,2,68,418,23,2,1
"1101","2014-04-16",570,569,367,32,8,1,2014-04-16,2014,1,202,335,24,7,1
"1102","2014-04-12",578,578,488,34,7,2,2014-04-12,2014,0,90,454,27,5,2
"1103","2014-04-11",609,608,519,33,10,1,2014-04-11,2014,1,89,486,23,9,1
"1104","2014-04-17",508,507,462,29,4,0,2014-04-17,2014,1,45,433,25,4,0
"1105","2014-04-21",521,521,474,38,11,1,2014-04-21,2014,0,47,436,27,10,1
"1106","2014-03-15",519,518,266,17,4,0,2014-03-15,2014,1,252,249,13,4,0
"1107","2019-01-09",514,512,428,24,4,1,2019-01-09,2019,2,84,404,20,3,1
"1108","2019-01-30",630,626,522,40,10,4,2019-01-30,2019,4,104,482,30,6,4
"1109","2019-01-22",627,626,541,35,8,0,2019-01-22,2019,1,85,506,27,8,0
"1110","2018-12-12",631,630,540,39,6,1,2018-12-12,2018,1,90,501,33,5,1
"1111","2018-12-23",505,504,429,30,8,1,2018-12-23,2018,1,75,399,22,7,1
"1112","2018-11-26",743,734,571,48,10,3,2018-11-26,2018,9,163,523,38,7,3
"1113","2018-11-01",696,695,596,40,8,6,2018-11-01,2018,1,99,556,32,2,6
"1114","2018-10-23",681,679,583,40,8,1,2018-10-23,2018,2,96,543,32,7,1
"1115","2018-10-27",757,751,617,59,19,5,2018-10-27,2018,6,134,558,40,14,5
"1116","2018-10-19",787,784,659,42,10,3,2018-10-19,2018,3,125,617,32,7,3
"1117","2018-10-26",747,746,641,43,9,2,2018-10-26,2018,1,105,598,34,7,2
"1118","2018-10-18",735,732,630,50,8,2,2018-10-18,2018,3,102,580,42,6,2
"1119","2018-08-01",660,659,585,43,7,2,2018-08-01,2018,1,74,542,36,5,2
"1120","2018-10-03",778,777,667,46,11,2,2018-10-03,2018,1,110,621,35,9,2
"1121","2018-10-07",529,529,449,50,12,3,2018-10-07,2018,0,80,399,38,9,3
"1122","2018-09-26",755,754,643,60,11,3,2018-09-26,2018,1,111,583,49,8,3
"1123","2018-10-09",628,627,548,34,11,1,2018-10-09,2018,1,79,514,23,10,1
"1124","2018-08-30",736,735,633,34,6,1,2018-08-30,2018,1,102,599,28,5,1
"1125","2018-08-07",658,657,561,34,6,3,2018-08-07,2018,1,96,527,28,3,3
"1126","2018-08-24",681,681,611,53,11,4,2018-08-24,2018,0,70,558,42,7,4
"1127","2014-03-11",510,510,251,13,2,0,2014-03-11,2014,0,259,238,11,2,0
"1128","2014-04-02",519,519,430,28,3,0,2014-04-02,2014,0,89,402,25,3,0
"1129","2014-03-09",404,404,328,30,7,4,2014-03-09,2014,0,76,298,23,3,4
"1130","2014-03-25",474,474,397,28,5,3,2014-03-25,2014,0,77,369,23,2,3
"1131","2014-03-28",530,528,438,37,2,0,2014-03-28,2014,2,90,401,35,2,0
"1132","2014-03-04",532,528,466,31,7,1,2014-03-04,2014,4,62,435,24,6,1
"1133","2014-02-10",678,677,591,32,1,0,2014-02-10,2014,1,86,559,31,1,0
"1134","2014-02-17",491,489,431,23,6,1,2014-02-17,2014,2,58,408,17,5,1
"1135","2014-02-07",675,673,596,25,3,1,2014-02-07,2014,2,77,571,22,2,1
"1136","2014-02-19",552,551,477,33,6,4,2014-02-19,2014,1,74,444,27,2,4
"1137","2014-02-12",640,639,582,37,5,1,2014-02-12,2014,1,57,545,32,4,1
"1138","2014-02-22",587,586,505,38,5,0,2014-02-22,2014,1,81,467,33,5,0
"1139","2014-02-28",655,653,555,30,5,1,2014-02-28,2014,2,98,525,25,4,1
"1140","2014-02-02",417,416,352,31,11,3,2014-02-02,2014,1,64,321,20,8,3
"1141","2014-02-04",613,611,538,26,4,1,2014-02-04,2014,2,73,512,22,3,1
"1142","2013-12-28",475,475,417,37,5,2,2013-12-28,2013,0,58,380,32,3,2
"1143","2014-01-17",589,587,519,33,8,1,2014-01-17,2014,2,68,486,25,7,1
"1144","2014-01-12",388,387,335,28,8,3,2014-01-12,2014,1,52,307,20,5,3
"1145","2013-12-19",607,607,531,42,4,1,2013-12-19,2013,0,76,489,38,3,1
"1146","2014-01-15",583,583,514,31,6,1,2014-01-15,2014,0,69,483,25,5,1
"1147","2014-01-20",360,356,314,25,4,2,2014-01-20,2014,4,42,289,21,2,2
"1148","2014-01-04",418,417,354,29,7,1,2014-01-04,2014,1,63,325,22,6,1
"1149","2014-01-30",657,656,579,44,8,2,2014-01-30,2014,1,77,535,36,6,2
"1150","2014-01-09",561,560,491,26,5,0,2014-01-09,2014,1,69,465,21,5,0
"1151","2013-12-29",394,393,333,22,8,1,2013-12-29,2013,1,60,311,14,7,1
"1152","2013-12-09",639,638,555,46,11,1,2013-12-09,2013,1,83,509,35,10,1
"1153","2013-12-18",701,698,621,39,8,1,2013-12-18,2013,3,77,582,31,7,1
"1154","2013-12-15",450,450,388,42,13,2,2013-12-15,2013,0,62,346,29,11,2
"1155","2013-12-21",594,594,528,35,8,4,2013-12-21,2013,0,66,493,27,4,4
"1156","2013-12-20",674,673,584,41,9,3,2013-12-20,2013,1,89,543,32,6,3
"1157","2013-11-21",628,625,557,43,4,0,2013-11-21,2013,3,68,514,39,4,0
"1158","2013-12-03",553,552,477,33,7,2,2013-12-03,2013,1,75,444,26,5,2
"1159","2013-11-15",617,614,561,39,6,1,2013-11-15,2013,3,53,522,33,5,1
"1160","2013-09-17",627,626,565,37,7,3,2013-09-17,2013,1,61,528,30,4,3
"1161","2013-10-19",471,470,419,36,8,2,2013-10-19,2013,1,51,383,28,6,2
"1162","2013-10-26",626,626,547,52,13,1,2013-10-26,2013,0,79,495,39,12,1
"1163","2013-09-10",629,628,560,48,10,2,2013-09-10,2013,1,68,512,38,8,2
"1164","2013-09-29",506,504,447,33,5,2,2013-09-29,2013,2,57,414,28,3,2
"1165","2013-10-04",658,655,594,49,6,0,2013-10-04,2013,3,61,545,43,6,0
"1166","2013-09-14",519,518,469,38,6,2,2013-09-14,2013,1,49,431,32,4,2
"1167","2013-09-16",570,570,517,39,8,3,2013-09-16,2013,0,53,478,31,5,3
"1168","2013-09-11",576,576,529,31,7,2,2013-09-11,2013,0,47,498,24,5,2
"1169","2013-10-03",590,590,521,31,4,0,2013-10-03,2013,0,69,490,27,4,0
"1170","2013-09-27",553,552,489,44,12,4,2013-09-27,2013,1,63,445,32,8,4
"1171","2018-05-31",698,698,596,40,9,3,2018-05-31,2018,0,102,556,31,6,3
"1172","2018-07-19",739,738,644,51,9,1,2018-07-19,2018,1,94,593,42,8,1
"1173","2018-06-27",540,537,450,29,11,5,2018-06-27,2018,3,87,421,18,6,5
"1174","2018-06-01",751,747,662,36,3,3,2018-06-01,2018,4,85,626,33,0,3
"1175","2018-05-25",799,795,696,57,10,3,2018-05-25,2018,4,99,639,47,7,3
"1176","2018-05-08",736,729,632,43,11,3,2018-05-08,2018,7,97,589,32,8,3
"1177","2018-04-24",671,669,592,49,5,2,2018-04-24,2018,2,77,543,44,3,2
"1178","2018-04-26",729,726,636,46,9,5,2018-04-26,2018,3,90,590,37,4,5
"1179","2018-04-10",668,665,583,35,5,1,2018-04-10,2018,3,82,548,30,4,1
"1180","2018-04-11",612,612,527,38,7,1,2018-04-11,2018,0,85,489,31,6,1
"1181","2018-03-30",580,579,492,36,8,3,2018-03-30,2018,1,87,456,28,5,3
"1182","2018-04-16",741,740,598,44,9,2,2018-04-16,2018,1,142,554,35,7,2
"1183","2018-04-19",706,703,594,38,6,2,2018-04-19,2018,3,109,556,32,4,2
"1184","2018-03-22",760,757,593,36,11,1,2018-03-22,2018,3,164,557,25,10,1
"1185","2018-03-06",676,673,580,33,10,1,2018-03-06,2018,3,93,547,23,9,1
"1186","2018-03-13",578,575,465,24,0,0,2018-03-13,2018,3,110,441,24,0,0
"1187","2018-03-10",567,566,491,36,4,3,2018-03-10,2018,1,75,455,32,1,3
"1188","2018-02-11",479,472,382,32,6,1,2018-02-11,2018,7,90,350,26,5,1
"1189","2017-12-13",709,708,600,39,5,1,2017-12-13,2017,1,108,561,34,4,1
"1190","2018-02-10",549,549,449,36,13,3,2018-02-10,2018,0,100,413,23,10,3
"1191","2018-02-15",645,643,555,35,5,0,2018-02-15,2018,2,88,520,30,5,0
"1192","2018-02-09",583,580,496,36,10,4,2018-02-09,2018,3,84,460,26,6,4
"1193","2013-09-12",695,695,592,32,6,2,2013-09-12,2013,0,103,560,26,4,2
"1194","2013-08-22",578,578,524,33,2,0,2013-08-22,2013,0,54,491,31,2,0
"1195","2013-08-20",542,542,483,27,6,2,2013-08-20,2013,0,59,456,21,4,2
"1196","2013-07-29",597,596,539,32,7,0,2013-07-29,2013,1,57,507,25,7,0
"1197","2013-07-11",550,550,495,31,2,1,2013-07-11,2013,0,55,464,29,1,1
"1198","2013-07-30",584,584,513,31,4,0,2013-07-30,2013,0,71,482,27,4,0
"1199","2013-07-14",471,471,437,48,9,1,2013-07-14,2013,0,34,389,39,8,1
"1200","2013-07-22",591,590,528,39,12,5,2013-07-22,2013,1,62,489,27,7,5
"1201","2013-07-25",507,506,443,39,10,3,2013-07-25,2013,1,63,404,29,7,3
"1202","2013-08-06",543,543,482,43,6,0,2013-08-06,2013,0,61,439,37,6,0
"1203","2013-07-21",447,447,412,36,10,0,2013-07-21,2013,0,35,376,26,10,0
"1204","2013-07-06",516,515,466,38,8,2,2013-07-06,2013,1,49,428,30,6,2
"1205","2013-07-01",633,633,552,34,12,3,2013-07-01,2013,0,81,518,22,9,3
"1206","2013-06-27",598,598,539,45,9,2,2013-06-27,2013,0,59,494,36,7,2
"1207","2013-06-14",693,692,629,34,4,1,2013-06-14,2013,1,63,595,30,3,1
"1208","2013-06-18",613,612,562,39,8,0,2013-06-18,2013,1,50,523,31,8,0
"1209","2013-06-19",622,622,552,46,18,2,2013-06-19,2013,0,70,506,28,16,2
"1210","2013-07-03",635,634,576,49,7,1,2013-07-03,2013,1,58,527,42,6,1
"1211","2013-06-06",605,604,542,33,8,1,2013-06-06,2013,1,62,509,25,7,1
"1212","2013-06-09",533,532,481,39,4,1,2013-06-09,2013,1,51,442,35,3,1
"1213","2013-05-29",574,574,508,37,8,4,2013-05-29,2013,0,66,471,29,4,4
"1214","2013-06-08",571,570,501,36,5,1,2013-06-08,2013,1,69,465,31,4,1
"1215","2013-06-07",791,790,697,43,6,2,2013-06-07,2013,1,93,654,37,4,2
"1216","2013-05-16",559,557,498,35,3,1,2013-05-16,2013,2,59,463,32,2,1
"1217","2013-04-22",565,563,502,33,8,3,2013-04-22,2013,2,61,469,25,5,3
"1218","2013-05-05",515,515,461,48,11,3,2013-05-05,2013,0,54,413,37,8,3
"1219","2013-04-20",532,532,472,33,6,1,2013-04-20,2013,0,60,439,27,5,1
"1220","2013-04-19",570,570,507,43,6,2,2013-04-19,2013,0,63,464,37,4,2
"1221","2013-05-12",527,526,454,42,12,4,2013-05-12,2013,1,72,412,30,8,4
"1222","2013-05-07",592,590,520,28,8,2,2013-05-07,2013,2,70,492,20,6,2
"1223","2013-04-29",598,597,540,45,6,1,2013-04-29,2013,1,57,495,39,5,1
"1224","2013-04-23",513,513,447,27,10,2,2013-04-23,2013,0,66,420,17,8,2
"1225","2013-04-25",583,581,514,34,4,0,2013-04-25,2013,2,67,480,30,4,0
"1226","2013-04-06",531,531,482,36,9,2,2013-04-06,2013,0,49,446,27,7,2
"1227","2013-04-12",649,648,568,48,9,1,2013-04-12,2013,1,80,520,39,8,1
"1228","2013-03-17",426,426,386,34,7,1,2013-03-17,2013,0,40,352,27,6,1
"1229","2013-03-18",623,622,550,50,12,3,2013-03-18,2013,1,72,500,38,9,3
"1230","2013-03-09",569,569,512,41,8,2,2013-03-09,2013,0,57,471,33,6,2
"1231","2013-02-27",550,550,462,34,7,3,2013-02-27,2013,0,88,428,27,4,3
"1232","2013-02-15",604,604,527,41,7,1,2013-02-15,2013,0,77,486,34,6,1
"1233","2017-12-20",700,698,607,48,7,4,2017-12-20,2017,2,91,559,41,3,4
"1234","2017-12-08",682,680,593,40,8,2,2017-12-08,2017,2,87,553,32,6,2
"1235","2017-11-19",573,569,467,54,13,2,2017-11-19,2017,4,102,413,41,11,2
"1236","2017-11-14",647,646,570,33,5,0,2017-11-14,2017,1,76,537,28,5,0
"1237","2017-11-21",790,790,688,43,11,5,2017-11-21,2017,0,102,645,32,6,5
"1238","2017-11-28",649,646,546,38,4,2,2017-11-28,2017,3,100,508,34,2,2
"1239","2017-10-24",685,683,570,32,5,1,2017-10-24,2017,2,113,538,27,4,1
"1240","2017-10-07",570,569,495,39,5,0,2017-10-07,2017,1,74,456,34,5,0
"1241","2017-10-02",739,735,632,54,8,1,2017-10-02,2017,4,103,578,46,7,1
"1242","2017-09-12",680,679,593,40,4,0,2017-09-12,2017,1,86,553,36,4,0
"1243","2017-09-07",790,786,682,50,15,3,2017-09-07,2017,4,104,632,35,12,3
"1244","2017-09-05",707,706,624,43,9,1,2017-09-05,2017,1,82,581,34,8,1
"1245","2017-08-15",577,575,499,32,5,1,2017-08-15,2017,2,76,467,27,4,1
"1246","2017-07-31",656,655,569,26,3,0,2017-07-31,2017,1,86,543,23,3,0
"1247","2017-08-14",602,601,529,40,7,0,2017-08-14,2017,1,72,489,33,7,0
"1248","2017-08-10",650,650,572,40,10,4,2017-08-10,2017,0,78,532,30,6,4
"1249","2017-08-01",705,705,609,40,7,2,2017-08-01,2017,0,96,569,33,5,2
"1250","2013-02-25",490,490,441,34,6,2,2013-02-25,2013,0,49,407,28,4,2
"1251","2013-03-01",603,603,546,25,4,0,2013-03-01,2013,0,57,521,21,4,0
"1252","2013-03-14",557,557,501,30,9,2,2013-03-14,2013,0,56,471,21,7,2
"1253","2013-02-13",570,568,497,30,6,2,2013-02-13,2013,2,71,467,24,4,2
"1254","2013-02-12",498,498,450,27,9,2,2013-02-12,2013,0,48,423,18,7,2
"1255","2013-01-13",373,372,316,35,7,3,2013-01-13,2013,1,56,281,28,4,3
"1256","2013-01-29",542,542,464,39,9,1,2013-01-29,2013,0,78,425,30,8,1
"1257","2013-01-20",393,392,353,37,12,5,2013-01-20,2013,1,39,316,25,7,5
"1258","2013-02-06",566,563,495,41,13,5,2013-02-06,2013,3,68,454,28,8,5
"1259","2013-01-15",516,515,446,30,5,1,2013-01-15,2013,1,69,416,25,4,1
"1260","2013-01-27",429,429,369,35,5,0,2013-01-27,2013,0,60,334,30,5,0
"1261","2013-02-07",526,526,456,29,6,2,2013-02-07,2013,0,70,427,23,4,2
"1262","2013-01-19",484,484,434,30,2,0,2013-01-19,2013,0,50,404,28,2,0
"1263","2012-12-24",518,518,464,26,4,1,2012-12-24,2012,0,54,438,22,3,1
"1264","2013-01-07",521,521,463,33,4,2,2013-01-07,2013,0,58,430,29,2,2
"1265","2012-12-17",649,649,548,38,7,3,2012-12-17,2012,0,101,510,31,4,3
"1266","2012-12-26",531,531,430,38,4,0,2012-12-26,2012,0,101,392,34,4,0
"1267","2012-12-12",550,550,498,32,6,1,2012-12-12,2012,0,52,466,26,5,1
"1268","2012-12-04",621,621,561,50,12,5,2012-12-04,2012,0,60,511,38,7,5
"1269","2012-11-21",689,689,632,35,7,0,2012-11-21,2012,0,57,597,28,7,0
"1270","2012-11-25",415,415,385,39,9,4,2012-11-25,2012,0,30,346,30,5,4
"1271","2012-12-01",480,480,430,40,10,1,2012-12-01,2012,0,50,390,30,9,1
"1272","2012-11-22",384,384,356,40,11,5,2012-11-22,2012,0,28,316,29,6,5
"1273","2012-11-12",547,547,477,39,6,2,2012-11-12,2012,0,70,438,33,4,2
"1274","2012-10-10",640,640,565,40,6,1,2012-10-10,2012,0,75,525,34,5,1
"1275","2012-11-08",550,550,458,25,7,1,2012-11-08,2012,0,92,433,18,6,1
"1276","2012-10-28",403,403,362,34,13,4,2012-10-28,2012,0,41,328,21,9,4
"1277","2012-10-23",522,522,471,19,3,0,2012-10-23,2012,0,51,452,16,3,0
"1278","2012-11-01",439,439,396,20,6,1,2012-11-01,2012,0,43,376,14,5,1
"1279","2012-10-22",609,609,548,30,3,0,2012-10-22,2012,0,61,518,27,3,0
"1280","2012-10-16",602,602,531,39,6,0,2012-10-16,2012,0,71,492,33,6,0
"1281","2012-09-23",480,480,424,34,5,2,2012-09-23,2012,0,56,390,29,3,2
"1282","2012-09-14",609,609,552,43,11,1,2012-09-14,2012,0,57,509,32,10,1
"1283","2012-09-21",654,654,598,44,10,1,2012-09-21,2012,0,56,554,34,9,1
"1284","2012-09-17",452,452,399,31,6,0,2012-09-17,2012,0,53,368,25,6,0
"1285","2012-09-28",703,703,622,46,11,4,2012-09-28,2012,0,81,576,35,7,4
"1286","2012-10-08",376,376,338,26,6,3,2012-10-08,2012,0,38,312,20,3,3
"1287","2012-09-26",404,404,355,20,3,1,2012-09-26,2012,0,49,335,17,2,1
"1288","2012-09-27",620,620,563,36,8,3,2012-09-27,2012,0,57,527,28,5,3
"1289","2012-09-11",521,521,478,30,5,1,2012-09-11,2012,0,43,448,25,4,1
"1290","2012-08-24",601,601,552,47,6,2,2012-08-24,2012,0,49,505,41,4,2
"1291","2012-08-13",504,504,454,37,5,2,2012-08-13,2012,0,50,417,32,3,2
"1292","2012-09-01",515,515,468,46,13,4,2012-09-01,2012,0,47,422,33,9,4
"1293","2012-08-16",613,613,561,34,8,2,2012-08-16,2012,0,52,527,26,6,2
"1294","2012-08-31",701,701,643,58,17,4,2012-08-31,2012,0,58,585,41,13,4
"1295","2012-08-23",574,574,528,45,9,3,2012-08-23,2012,0,46,483,36,6,3
"1296","2012-08-14",520,520,469,33,7,3,2012-08-14,2012,0,51,436,26,4,3
"1297","2012-09-07",680,680,623,46,8,2,2012-09-07,2012,0,57,577,38,6,2
"1298","2012-08-11",507,507,470,37,10,3,2012-08-11,2012,0,37,433,27,7,3
"1299","2012-08-09",581,581,518,33,6,2,2012-08-09,2012,0,63,485,27,4,2
"1300","2012-07-14",536,536,477,40,9,1,2012-07-14,2012,0,59,437,31,8,1
"1301","2017-07-24",620,617,529,36,8,2,2017-07-24,2017,3,88,493,28,6,2
"1302","2017-07-12",677,676,587,33,3,1,2017-07-12,2017,1,89,554,30,2,1
"1303","2017-07-01",595,594,509,50,13,4,2017-07-01,2017,1,85,459,37,9,4
"1304","2017-04-25",723,719,623,39,7,4,2017-04-25,2017,4,96,584,32,3,4
"1305","2017-03-31",753,746,610,29,5,2,2017-03-31,2017,7,136,581,24,3,2
"1306","2017-03-04",536,535,465,39,16,4,2017-03-04,2017,1,70,426,23,12,4
"1307","2017-04-03",646,645,565,42,7,1,2017-04-03,2017,1,80,523,35,6,1
"1308","2017-03-17",756,755,642,34,5,2,2017-03-17,2017,1,113,608,29,3,2
"1309","2017-03-09",665,663,574,39,11,0,2017-03-09,2017,2,89,535,28,11,0
"1310","2017-02-02",586,586,515,26,6,2,2017-02-02,2017,0,71,489,20,4,2
"1311","2017-01-24",564,564,439,25,5,0,2017-01-24,2017,0,125,414,20,5,0
"1312","2012-07-27",638,638,580,44,10,2,2012-07-27,2012,0,58,536,34,8,2
"1313","2012-08-01",616,616,571,50,9,1,2012-08-01,2012,0,45,521,41,8,1
"1314","2012-07-19",522,522,469,52,14,4,2012-07-19,2012,0,53,417,38,10,4
"1315","2012-08-05",518,518,461,39,9,4,2012-08-05,2012,0,57,422,30,5,4
"1316","2012-07-12",577,577,525,38,6,3,2012-07-12,2012,0,52,487,32,3,3
"1317","2012-07-16",528,528,478,32,6,1,2012-07-16,2012,0,50,446,26,5,1
"1318","2012-07-25",612,612,551,42,5,2,2012-07-25,2012,0,61,509,37,3,2
"1319","2012-07-30",530,530,468,30,8,1,2012-07-30,2012,0,62,438,22,7,1
"1320","2012-07-24",574,574,528,31,6,2,2012-07-24,2012,0,46,497,25,4,2
"1321","2012-08-03",589,589,534,28,3,2,2012-08-03,2012,0,55,506,25,1,2
"1322","2012-07-08",464,464,415,39,11,0,2012-07-08,2012,0,49,376,28,11,0
"1323","2012-07-03",664,664,603,41,6,2,2012-07-03,2012,0,61,562,35,4,2
"1324","2012-07-07",490,490,439,26,3,0,2012-07-07,2012,0,51,413,23,3,0
"1325","2022-09-05",254,252,211,27,8,1,2022-09-05,2022,2,41,184,19,7,1
"1326","2022-09-19",287,286,229,22,5,2,2022-09-19,2022,1,57,207,17,3,2
"1327","2022-09-22",276,275,227,23,7,2,2022-09-22,2022,1,48,204,16,5,2
"1328","2022-09-28",280,279,217,21,6,3,2022-09-28,2022,1,62,196,15,3,3
"1329","2022-10-14",336,334,247,17,2,2,2022-10-14,2022,2,87,230,15,0,2
"1330","2017-01-20",605,604,509,26,7,2,2017-01-20,2017,1,95,483,19,5,2
"1331","2016-12-03",592,591,496,47,15,3,2016-12-03,2016,1,95,449,32,12,3
"1332","2016-12-15",749,745,638,40,9,2,2016-12-15,2016,4,107,598,31,7,2
"1333","2016-12-17",623,621,518,62,15,3,2016-12-17,2016,2,103,456,47,12,3
"1334","2016-11-10",706,701,615,44,11,4,2016-11-10,2016,5,86,571,33,7,4
"1335","2016-11-11",665,664,569,37,11,3,2016-11-11,2016,1,95,532,26,8,3
"1336","2016-09-13",779,778,674,47,7,1,2016-09-13,2016,1,104,627,40,6,1
"1337","2021-09-13",378,377,295,36,10,2,2021-09-13,2021,1,82,259,26,8,2
"1338","2021-03-12",338,335,255,36,15,2,2021-03-12,2021,3,80,219,21,13,2
"1339","2021-09-22",289,286,227,31,4,0,2021-09-22,2021,3,59,196,27,4,0
"1340","2021-05-14",411,410,327,46,9,2,2021-05-14,2021,1,83,281,37,7,2
"1341","2022-06-22",265,265,209,23,5,2,2022-06-22,2022,0,56,186,18,3,2
"1342","2021-12-25",189,187,135,27,10,5,2021-12-25,2021,2,52,108,17,5,5
"1343","2021-05-24",322,321,253,30,10,0,2021-05-24,2021,1,68,223,20,10,0
"1344","2021-05-26",333,333,252,31,3,0,2021-05-26,2021,0,81,221,28,3,0
"1345","2021-06-09",353,353,278,35,8,4,2021-06-09,2021,0,75,243,27,4,4
"1346","2021-07-03",291,288,224,32,7,3,2021-07-03,2021,3,64,192,25,4,3
"1347","2021-10-24",236,234,185,35,13,4,2021-10-24,2021,2,49,150,22,9,4
"1348","2021-07-11",263,263,210,30,9,4,2021-07-11,2021,0,53,180,21,5,4
"1349","2021-07-15",372,368,295,31,9,0,2021-07-15,2021,4,73,264,22,9,0
"1350","2021-07-27",318,318,252,32,7,0,2021-07-27,2021,0,66,220,25,7,0
"1351","2021-08-04",291,290,219,24,6,2,2021-08-04,2021,1,71,195,18,4,2
"1352","2021-08-13",358,357,287,35,9,4,2021-08-13,2021,1,70,252,26,5,4
"1353","2021-08-20",325,325,244,38,5,1,2021-08-20,2021,0,81,206,33,4,1
"1354","2021-11-07",265,265,214,45,17,5,2021-11-07,2021,0,51,169,28,12,5
"1355","2021-10-22",381,378,290,29,10,2,2021-10-22,2021,3,88,261,19,8,2
"1356","2021-10-29",357,355,276,33,7,0,2021-10-29,2021,2,79,243,26,7,0
"1357","2022-02-04",288,283,188,20,8,2,2022-02-04,2022,5,95,168,12,6,2
"1358","2021-11-27",264,262,196,43,13,2,2021-11-27,2021,2,66,153,30,11,2
"1359","2021-12-02",319,316,234,37,9,6,2021-12-02,2021,3,82,197,28,3,6
"1360","2022-07-05",279,278,211,30,8,0,2022-07-05,2022,1,67,181,22,8,0
"1361","2022-04-28",347,345,257,26,6,3,2022-04-28,2022,2,88,231,20,3,3
"1362","2022-03-14",310,309,239,34,9,0,2022-03-14,2022,1,70,205,25,9,0
"1363","2022-07-18",302,301,235,21,6,3,2022-07-18,2022,1,66,214,15,3,3
"1364","2022-05-13",332,331,259,24,5,2,2022-05-13,2022,1,72,235,19,3,2
"1365","2022-07-21",295,292,240,25,5,3,2022-07-21,2022,3,52,215,20,2,3
"1366","2016-10-14",767,764,683,58,8,0,2016-10-14,2016,3,81,625,50,8,0
"1367","2016-10-24",573,572,485,21,3,2,2016-10-24,2016,1,87,464,18,1,2
"1368","2016-10-22",629,625,537,52,11,3,2016-10-22,2016,4,88,485,41,8,3
"1369","2016-10-03",490,488,429,31,7,4,2016-10-03,2016,2,59,398,24,3,4
"1370","2016-09-09",715,713,624,36,9,1,2016-09-09,2016,2,89,588,27,8,1
"1371","2016-08-25",659,658,576,46,6,2,2016-08-25,2016,1,82,530,40,4,2
"1372","2016-08-19",707,703,614,40,5,3,2016-08-19,2016,4,89,574,35,2,3
"1373","2016-07-24",566,563,502,53,12,4,2016-07-24,2016,3,61,449,41,8,4
"1374","2016-06-05",466,466,393,37,7,0,2016-06-05,2016,0,73,356,30,7,0
"1375","2016-07-25",698,697,592,39,8,3,2016-07-25,2016,1,105,553,31,5,3
"1376","2016-07-27",690,687,590,35,6,1,2016-07-27,2016,3,97,555,29,5,1
"1377","2016-08-17",658,658,565,43,7,5,2016-08-17,2016,0,93,522,36,2,5
"1378","2016-08-06",578,578,492,43,8,3,2016-08-06,2016,0,86,449,35,5,3
"1379","2016-07-05",663,662,567,53,16,5,2016-07-05,2016,1,95,514,37,11,5
"1380","2016-06-21",681,679,599,52,6,1,2016-06-21,2016,2,80,547,46,5,1
"1381","2016-06-10",818,817,724,55,9,1,2016-06-10,2016,1,93,669,46,8,1
"1382","2016-06-13",646,644,568,40,9,1,2016-06-13,2016,2,76,528,31,8,1
"1383","2016-06-27",718,716,613,45,10,5,2016-06-27,2016,2,103,568,35,5,5
"1384","2016-06-03",710,708,625,36,8,1,2016-06-03,2016,2,83,589,28,7,1
"1385","2016-05-16",742,740,624,42,9,0,2016-05-16,2016,2,116,582,33,9,0
"1386","2016-05-25",733,731,635,47,8,2,2016-05-25,2016,2,96,588,39,6,2
"1387","2016-05-11",699,697,610,43,12,1,2016-05-11,2016,2,87,567,31,11,1
"1388","2016-05-17",624,624,546,37,6,2,2016-05-17,2016,0,78,509,31,4,2
"1389","2016-04-15",733,730,637,44,7,1,2016-04-15,2016,3,93,593,37,6,1
"1390","2016-05-05",626,620,528,31,9,0,2016-05-05,2016,6,92,497,22,9,0
"1391","2016-05-03",711,711,627,42,9,2,2016-05-03,2016,0,84,585,33,7,2
"1392","2016-04-28",489,489,414,18,5,1,2016-04-28,2016,0,75,396,13,4,1
"1393","2016-04-09",557,555,472,43,13,2,2016-04-09,2016,2,83,429,30,11,2
"1394","2016-04-03",585,577,432,42,6,1,2016-04-03,2016,8,145,390,36,5,1
"1395","2016-04-01",702,701,611,47,17,4,2016-04-01,2016,1,90,564,30,13,4
"1396","2016-04-06",628,627,535,33,9,2,2016-04-06,2016,1,92,502,24,7,2
"1397","2015-12-28",490,489,433,30,6,1,2015-12-28,2015,1,56,403,24,5,1
"1398","2016-02-18",592,589,518,28,7,4,2016-02-18,2016,3,71,490,21,3,4
"1399","2016-03-14",640,637,514,29,5,0,2016-03-14,2016,3,123,485,24,5,0
"1400","2016-03-15",608,605,507,29,7,2,2016-03-15,2016,3,98,478,22,5,2
"1401","2016-03-12",625,620,550,33,7,1,2016-03-12,2016,5,70,517,26,6,1
"1402","2016-02-12",628,625,543,41,8,3,2016-02-12,2016,3,82,502,33,5,3
"1403","2016-02-07",423,421,369,34,4,0,2016-02-07,2016,2,52,335,30,4,0
"1404","2016-02-09",571,571,492,28,2,0,2016-02-09,2016,0,79,464,26,2,0
"1405","2016-02-14",309,309,276,27,5,1,2016-02-14,2016,0,33,249,22,4,1
"1406","2015-12-24",603,601,514,33,10,1,2015-12-24,2015,2,87,481,23,9,1
"1407","2015-12-30",501,497,433,26,6,2,2015-12-30,2015,4,64,407,20,4,2
"1408","2015-12-16",673,671,583,33,5,0,2015-12-16,2015,2,88,550,28,5,0
"1409","2015-12-15",755,751,639,41,12,4,2015-12-15,2015,4,112,598,29,8,4
"1410","2015-12-17",745,744,611,30,3,2,2015-12-17,2015,1,133,581,27,1,2
"1411","2015-11-24",733,731,654,47,12,3,2015-11-24,2015,2,77,607,35,9,3
"1412","2015-12-03",623,623,559,35,7,1,2015-12-03,2015,0,64,524,28,6,1
"1413","2015-12-18",767,763,682,43,7,2,2015-12-18,2015,4,81,639,36,5,2
"1414","2015-12-11",694,691,627,33,6,2,2015-12-11,2015,3,64,594,27,4,2
"1415","2015-11-19",797,793,632,45,4,0,2015-11-19,2015,4,161,587,41,4,0
"1416","2015-11-06",616,615,545,38,5,1,2015-11-06,2015,1,70,507,33,4,1
"1417","2015-10-29",767,766,640,51,12,6,2015-10-29,2015,1,126,589,39,6,6
"1418","2015-11-23",704,703,606,39,5,3,2015-11-23,2015,1,97,567,34,2,3
"1419","2015-11-04",672,670,588,31,10,2,2015-11-04,2015,2,82,557,21,8,2
"1420","2015-10-11",559,557,495,39,12,4,2015-10-11,2015,2,62,456,27,8,4
"1421","2022-05-25",304,301,238,37,7,0,2022-05-25,2022,3,63,201,30,7,0
"1422","2022-06-16",301,300,245,28,9,4,2022-06-16,2022,1,55,217,19,5,4
"1423","2022-06-04",300,300,233,38,9,3,2022-06-04,2022,0,67,195,29,6,3
"1424","2022-06-25",364,364,291,38,10,2,2022-06-25,2022,0,73,253,28,8,2
"1425","2022-08-27",300,300,228,25,9,1,2022-08-27,2022,0,72,203,16,8,1
"1426","2021-03-19",309,309,241,17,1,0,2021-03-19,2021,0,68,224,16,1,0
"1427","2021-02-10",279,276,206,24,4,1,2021-02-10,2021,3,70,182,20,3,1
"1428","2021-02-17",239,239,189,23,3,2,2021-02-17,2021,0,50,166,20,1,2
"1429","2021-03-30",281,280,219,33,11,5,2021-03-30,2021,1,61,186,22,6,5
"1430","2020-12-27",184,184,138,19,8,1,2020-12-27,2020,0,46,119,11,7,1
"1431","2020-12-16",341,341,268,38,10,3,2020-12-16,2020,0,73,230,28,7,3
"1432","2020-12-30",238,237,184,25,7,1,2020-12-30,2020,1,53,159,18,6,1
"1433","2020-10-16",304,303,222,25,7,4,2020-10-16,2020,1,81,197,18,3,4
"1434","2020-11-11",300,297,217,23,6,1,2020-11-11,2020,3,80,194,17,5,1
"1435","2020-09-11",351,349,273,36,12,2,2020-09-11,2020,2,76,237,24,10,2
"1436","2020-08-28",306,306,236,33,5,2,2020-08-28,2020,0,70,203,28,3,2
"1437","2020-09-14",289,287,223,28,6,1,2020-09-14,2020,2,64,195,22,5,1
"1438","2020-09-26",330,327,243,42,10,4,2020-09-26,2020,3,84,201,32,6,4
"1439","2020-08-04",451,450,234,38,10,2,2020-08-04,2020,1,216,196,28,8,2
"1440","2020-08-10",320,320,242,31,12,5,2020-08-10,2020,0,78,211,19,7,5
"1441","2020-07-27",320,317,242,31,7,1,2020-07-27,2020,3,75,211,24,6,1
"1442","2020-05-12",191,191,142,22,8,3,2020-05-12,2020,0,49,120,14,5,3
"1443","2015-10-17",565,563,512,50,11,2,2015-10-17,2015,2,51,462,39,9,2
"1444","2015-10-01",683,679,586,30,4,1,2015-10-01,2015,4,93,556,26,3,1
"1445","2015-09-06",504,501,438,30,6,1,2015-09-06,2015,3,63,408,24,5,1
"1446","2015-08-28",609,609,545,37,5,1,2015-08-28,2015,0,64,508,32,4,1
"1447","2015-09-04",643,640,572,40,11,2,2015-09-04,2015,3,68,532,29,9,2
"1448","2015-08-08",545,545,500,42,10,3,2015-08-08,2015,0,45,458,32,7,3
"1449","2015-07-30",717,717,635,50,11,3,2015-07-30,2015,0,82,585,39,8,3
"1450","2015-07-23",623,621,551,41,6,0,2015-07-23,2015,2,70,510,35,6,0
"1451","2015-07-11",597,596,537,52,19,4,2015-07-11,2015,1,59,485,33,15,4
"1452","2015-06-21",620,619,555,62,14,2,2015-06-21,2015,1,64,493,48,12,2
"1453","2015-06-29",662,660,583,45,6,1,2015-06-29,2015,2,77,538,39,5,1
"1454","2015-05-29",813,810,735,51,9,2,2015-05-29,2015,3,75,684,42,7,2
"1455","2015-05-26",686,682,608,46,8,2,2015-05-26,2015,4,74,562,38,6,2
"1456","2015-05-05",638,635,575,32,6,2,2015-05-05,2015,3,60,543,26,4,2
"1457","2015-04-28",613,613,550,36,8,2,2015-04-28,2015,0,63,514,28,6,2
"1458","2015-05-07",684,679,605,37,5,0,2015-05-07,2015,5,74,568,32,5,0
"1459","2015-04-27",558,554,494,33,10,3,2015-04-27,2015,4,60,461,23,7,3
"1460","2015-05-11",645,645,572,46,6,3,2015-05-11,2015,0,73,526,40,3,3
"1461","2020-05-25",214,213,164,38,9,5,2020-05-25,2020,1,49,126,29,4,5
"1462","2020-06-08",235,233,168,19,8,1,2020-06-08,2020,2,65,149,11,7,1
"1463","2020-04-04",156,156,108,15,4,1,2020-04-04,2020,0,48,93,11,3,1
"1464","2020-03-09",546,542,466,29,2,1,2020-03-09,2020,4,76,437,27,1,1
"1465","2020-03-13",551,549,465,27,6,0,2020-03-13,2020,2,84,438,21,6,0
"1466","2020-03-06",673,672,558,42,7,4,2020-03-06,2020,1,114,516,35,3,4
"1467","2020-03-10",450,448,383,23,7,3,2020-03-10,2020,2,65,360,16,4,3
"1468","2020-02-22",407,407,335,39,14,5,2020-02-22,2020,0,72,296,25,9,5
"1469","2020-02-12",438,438,378,31,6,0,2020-02-12,2020,0,60,347,25,6,0
"1470","2020-01-19",360,360,278,29,8,2,2020-01-19,2020,0,82,249,21,6,2
"1471","2020-01-28",404,404,343,19,3,0,2020-01-28,2020,0,61,324,16,3,0
"1472","2020-01-21",556,555,480,29,2,0,2020-01-21,2020,1,75,451,27,2,0
"1473","2020-01-05",291,291,237,22,6,1,2020-01-05,2020,0,54,215,16,5,1
"1474","2020-01-10",522,520,443,36,8,0,2020-01-10,2020,2,77,407,28,8,0
"1475","2019-12-14",577,574,472,41,11,5,2019-12-14,2019,3,102,431,30,6,5
"1476","2019-12-21",520,519,425,46,12,5,2019-12-21,2019,1,94,379,34,7,5
"1477","2019-12-13",760,754,584,46,9,2,2019-12-13,2019,6,170,538,37,7,2
"1478","2019-12-11",578,573,472,39,7,0,2019-12-11,2019,5,101,433,32,7,0
"1479","2019-12-06",563,562,482,34,12,3,2019-12-06,2019,1,80,448,22,9,3
"1480","2019-11-09",502,500,433,39,11,1,2019-11-09,2019,2,67,394,28,10,1
"1481","2019-11-08",676,674,578,48,14,3,2019-11-08,2019,2,96,530,34,11,3
"1482","2019-11-05",440,439,372,33,1,1,2019-11-05,2019,1,67,339,32,0,1
"1483","2019-10-30",595,591,486,33,7,2,2019-10-30,2019,4,105,453,26,5,2
"1484","2019-10-15",549,547,472,23,3,1,2019-10-15,2019,2,75,449,20,2,1
"1485","2019-10-12",502,498,421,32,10,2,2019-10-12,2019,4,77,389,22,8,2
"1486","2019-10-08",523,522,451,37,9,1,2019-10-08,2019,1,71,414,28,8,1
"1487","2019-09-28",532,532,440,47,10,4,2019-09-28,2019,0,92,393,37,6,4
"1488","2019-07-27",602,602,510,59,17,4,2019-07-27,2019,0,92,451,42,13,4
"1489","2019-07-03",654,651,581,40,7,2,2019-07-03,2019,3,70,541,33,5,2
"1490","2019-09-02",427,424,368,49,10,4,2019-09-02,2019,3,56,319,39,6,4
"1491","2019-08-25",482,479,402,44,11,4,2019-08-25,2019,3,77,358,33,7,4
"1492","2019-08-21",522,521,445,34,6,3,2019-08-21,2019,1,76,411,28,3,3
"1493","2019-09-06",591,591,503,30,9,1,2019-09-06,2019,0,88,473,21,8,1
"1494","2019-08-29",592,589,515,34,10,2,2019-08-29,2019,3,74,481,24,8,2
"1495","2019-09-05",628,625,542,36,6,0,2019-09-05,2019,3,83,506,30,6,0
"1496","2015-02-28",538,537,479,38,14,1,2015-02-28,2015,1,58,441,24,13,1
"1497","2015-03-29",505,503,461,40,6,1,2015-03-29,2015,2,42,421,34,5,1
"1498","2015-04-12",443,440,403,44,6,5,2015-04-12,2015,3,37,359,38,1,5
"1499","2015-04-02",653,650,573,35,7,1,2015-04-02,2015,3,77,538,28,6,1
"1500","2015-03-05",830,829,748,54,16,7,2015-03-05,2015,1,81,694,38,9,7
"1501","2015-03-17",528,525,446,36,12,2,2015-03-17,2015,3,79,410,24,10,2
"1502","2015-03-04",574,571,499,25,5,1,2015-03-04,2015,3,72,474,20,4,1
"1503","2015-03-22",432,432,390,41,9,2,2015-03-22,2015,0,42,349,32,7,2
"1504","2015-03-21",507,503,430,35,7,1,2015-03-21,2015,4,73,395,28,6,1
"1505","2015-02-17",620,620,545,42,8,4,2015-02-17,2015,0,75,503,34,4,4
"1506","2015-02-09",547,545,469,29,8,1,2015-02-09,2015,2,76,440,21,7,1
"1507","2015-01-22",508,507,435,26,6,1,2015-01-22,2015,1,72,409,20,5,1
"1508","2015-01-25",406,405,357,31,8,3,2015-01-25,2015,1,48,326,23,5,3
"1509","2015-01-19",496,496,438,25,4,3,2015-01-19,2015,0,58,413,21,1,3
"1510","2015-01-07",538,537,469,28,4,1,2015-01-07,2015,1,68,441,24,3,1
"1511","2015-01-08",573,572,505,29,6,0,2015-01-08,2015,1,67,476,23,6,0
"1512","2014-12-31",461,460,409,34,8,2,2014-12-31,2014,1,51,375,26,6,2
"1513","2014-12-10",649,645,543,28,5,2,2014-12-10,2014,4,102,515,23,3,2
"1514","2014-12-06",628,628,515,46,13,3,2014-12-06,2014,0,113,469,33,10,3
"1515","2014-12-08",579,576,504,38,8,2,2014-12-08,2014,3,72,466,30,6,2
"1516","2014-12-19",652,651,588,45,4,1,2014-12-19,2014,1,63,543,41,3,1
"1517","2014-10-29",556,554,485,32,5,3,2014-10-29,2014,2,69,453,27,2,3
"1518","2014-11-05",554,550,497,38,8,1,2014-11-05,2014,4,53,459,30,7,1
"1519","2014-11-09",419,418,372,33,13,7,2014-11-09,2014,1,46,339,20,6,7
"1520","2014-10-25",515,514,459,38,8,3,2014-10-25,2014,1,55,421,30,5,3
"1521","2014-09-26",643,641,569,36,6,0,2014-09-26,2014,2,72,533,30,6,0
"1522","2014-10-09",499,498,435,23,4,0,2014-10-09,2014,1,63,412,19,4,0
"1523","2014-10-20",591,590,534,34,4,0,2014-10-20,2014,1,56,500,30,4,0
"1524","2019-07-22",641,640,544,33,4,1,2019-07-22,2019,1,96,511,29,3,1
"1525","2019-08-02",610,609,535,41,12,4,2019-08-02,2019,1,74,494,29,8,4
"1526","2019-07-31",604,603,505,33,6,3,2019-07-31,2019,1,98,472,27,3,3
"1527","2019-07-24",626,622,534,39,12,2,2019-07-24,2019,4,88,495,27,10,2
"1528","2019-07-09",661,659,558,41,5,1,2019-07-09,2019,2,101,517,36,4,1
"1529","2019-07-04",394,391,320,41,11,2,2019-07-04,2019,3,71,279,30,9,2
"1530","2019-07-08",592,592,517,50,6,2,2019-07-08,2019,0,75,467,44,4,2
"1531","2019-05-12",589,587,501,52,9,3,2019-05-12,2019,2,86,449,43,6,3
"1532","2019-05-15",691,691,583,41,6,1,2019-05-15,2019,0,108,542,35,5,1
"1533","2019-04-08",594,594,505,28,6,3,2019-04-08,2019,0,89,477,22,3,3
"1534","2019-05-31",765,762,656,53,8,2,2019-05-31,2019,3,106,603,45,6,2
"1535","2019-06-07",734,733,658,42,7,3,2019-06-07,2019,1,75,616,35,4,3
"1536","2019-06-01",557,557,494,44,13,2,2019-06-01,2019,0,63,450,31,11,2
"1537","2019-06-14",749,746,628,46,10,2,2019-06-14,2019,3,118,582,36,8,2
"1538","2019-06-20",697,697,602,50,11,5,2019-06-20,2019,0,95,552,39,6,5
"1539","2019-05-07",647,646,560,42,14,4,2019-05-07,2019,1,86,518,28,10,4
"1540","2019-05-08",649,645,557,46,12,2,2019-05-08,2019,4,88,511,34,10,2
"1541","2019-03-10",462,462,373,37,14,4,2019-03-10,2019,0,89,336,23,10,4
"1542","2019-03-07",556,555,477,29,4,3,2019-03-07,2019,1,78,448,25,1,3
"1543","2019-03-14",611,609,524,30,3,1,2019-03-14,2019,2,85,494,27,2,1
"1544","2019-03-15",673,671,570,49,9,1,2019-03-15,2019,2,101,521,40,8,1
"1545","2019-03-28",644,640,548,35,7,1,2019-03-28,2019,4,92,513,28,6,1
"1546","2019-03-01",711,710,609,49,4,0,2019-03-01,2019,1,101,560,45,4,0
"1547","2014-10-10",541,540,493,44,12,0,2014-10-10,2014,1,47,449,32,12,0
"1548","2014-09-02",700,697,641,49,11,2,2014-09-02,2014,3,56,592,38,9,2
"1549","2014-08-22",568,566,500,31,6,2,2014-08-22,2014,2,66,469,25,4,2
"1550","2014-08-12",491,491,423,26,5,0,2014-08-12,2014,0,68,397,21,5,0
"1551","2014-08-27",538,537,495,39,3,0,2014-08-27,2014,1,42,456,36,3,0
"1552","2014-07-28",595,593,522,41,13,4,2014-07-28,2014,2,71,481,28,9,4
"1553","2014-05-31",587,587,507,36,9,3,2014-05-31,2014,0,80,471,27,6,3
"1554","2014-07-01",616,615,536,28,4,3,2014-07-01,2014,1,79,508,24,1,3
"1555","2014-07-20",451,449,403,41,16,5,2014-07-20,2014,2,46,362,25,11,5
"1556","2014-06-12",563,559,505,38,8,1,2014-06-12,2014,4,54,467,30,7,1
"1557","2014-06-27",660,657,596,49,8,1,2014-06-27,2014,3,61,547,41,7,1
"1558","2014-06-08",516,516,466,36,8,6,2014-06-08,2014,0,50,430,28,2,6
"1559","2014-06-10",569,569,520,31,9,1,2014-06-10,2014,0,49,489,22,8,1
"1560","2014-05-18",507,507,448,31,9,3,2014-05-18,2014,0,59,417,22,6,3
"1561","2014-05-07",603,598,538,43,6,0,2014-05-07,2014,5,60,495,37,6,0
"1562","2014-04-25",617,616,557,36,7,2,2014-04-25,2014,1,59,521,29,5,2
"1563","2014-02-23",414,412,359,28,6,2,2014-02-23,2014,2,53,331,22,4,2
"1564","2014-04-09",595,595,507,50,7,3,2014-04-09,2014,0,88,457,43,4,3
"1565","2014-05-02",698,698,627,48,10,2,2014-05-02,2014,0,71,579,38,8,2
"1566","2014-05-01",650,649,565,51,6,1,2014-05-01,2014,1,84,514,45,5,1
"1567","2014-03-22",493,493,418,33,5,2,2014-03-22,2014,0,75,385,28,3,2
"1568","2019-02-28",699,697,597,49,10,2,2019-02-28,2019,2,100,548,39,8,2
"1569","2019-01-14",703,701,592,38,8,3,2019-01-14,2019,2,109,554,30,5,3
"1570","2019-01-24",592,586,462,33,8,2,2019-01-24,2019,6,124,429,25,6,2
"1571","2019-01-08",571,568,464,30,5,2,2019-01-08,2019,3,104,434,25,3,2
"1572","2019-01-17",586,584,502,31,7,0,2019-01-17,2019,2,82,471,24,7,0
"1573","2019-01-31",601,599,512,35,4,0,2019-01-31,2019,2,87,477,31,4,0
"1574","2018-12-16",622,620,483,37,11,4,2018-12-16,2018,2,137,446,26,7,4
"1575","2018-12-13",686,684,574,43,7,2,2018-12-13,2018,2,110,531,36,5,2
"1576","2018-12-11",707,706,604,47,8,2,2018-12-11,2018,1,102,557,39,6,2
"1577","2018-12-24",580,578,481,45,8,2,2018-12-24,2018,2,97,436,37,6,2
"1578","2018-11-20",695,694,596,41,10,2,2018-11-20,2018,1,98,555,31,8,2
"1579","2018-11-24",536,536,437,33,15,3,2018-11-24,2018,0,99,404,18,12,3
"1580","2018-12-06",681,678,590,36,7,3,2018-12-06,2018,3,88,554,29,4,3
"1581","2018-11-16",720,717,579,36,4,1,2018-11-16,2018,3,138,543,32,3,1
"1582","2018-11-18",470,470,380,32,10,5,2018-11-18,2018,0,90,348,22,5,5
"1583","2018-11-13",754,753,647,32,7,1,2018-11-13,2018,1,106,615,25,6,1
"1584","2018-11-06",679,675,558,44,10,1,2018-11-06,2018,4,117,514,34,9,1
"1585","2018-11-03",656,655,533,52,9,3,2018-11-03,2018,1,122,481,43,6,3
"1586","2018-10-20",629,627,546,44,8,1,2018-10-20,2018,2,81,502,36,7,1
"1587","2018-09-17",673,673,572,48,7,0,2018-09-17,2018,0,101,524,41,7,0
"1588","2018-09-25",715,712,599,51,12,4,2018-09-25,2018,3,113,548,39,8,4
"1589","2018-10-13",577,577,488,46,10,4,2018-10-13,2018,0,89,442,36,6,4
"1590","2018-10-16",688,685,594,34,11,2,2018-10-16,2018,3,91,560,23,9,2
"1591","2018-08-03",749,748,631,43,8,3,2018-08-03,2018,1,117,588,35,5,3
"1592","2018-08-09",709,706,600,46,8,1,2018-08-09,2018,3,106,554,38,7,1
"1593","2018-08-19",490,489,413,34,12,3,2018-08-19,2018,1,76,379,22,9,3
"1594","2018-08-20",562,560,483,34,6,3,2018-08-20,2018,2,77,449,28,3,3
"1595","2018-08-15",645,644,562,43,8,2,2018-08-15,2018,1,82,519,35,6,2
"1596","2018-08-17",703,699,619,44,6,2,2018-08-17,2018,4,80,575,38,4,2
"1597","2014-04-04",622,621,513,37,6,0,2014-04-04,2014,1,108,476,31,6,0
"1598","2014-03-01",497,497,443,39,9,4,2014-03-01,2014,0,54,404,30,5,4
"1599","2014-03-06",558,557,480,31,7,1,2014-03-06,2014,1,77,449,24,6,1
"1600","2014-02-09",450,449,411,31,9,2,2014-02-09,2014,1,38,380,22,7,2
"1601","2014-03-03",440,440,379,23,2,0,2014-03-03,2014,0,61,356,21,2,0
"1602","2014-02-03",960,960,829,75,17,2,2014-02-03,2014,0,131,754,58,15,2
"1603","2014-01-22",498,498,447,19,2,0,2014-01-22,2014,0,51,428,17,2,0
"1604","2014-01-11",465,465,374,18,4,1,2014-01-11,2014,0,91,356,14,3,1
"1605","2014-01-29",649,649,549,47,5,2,2014-01-29,2014,0,100,502,42,3,2
"1606","2014-01-07",491,491,438,25,3,0,2014-01-07,2014,0,53,413,22,3,0
"1607","2013-12-23",707,705,604,44,10,2,2013-12-23,2013,2,101,560,34,8,2
"1608","2013-12-16",640,638,577,39,7,2,2013-12-16,2013,2,61,538,32,5,2
"1609","2013-12-11",605,605,525,37,9,2,2013-12-11,2013,0,80,488,28,7,2
"1610","2013-11-09",571,571,504,39,14,3,2013-11-09,2013,0,67,465,25,11,3
"1611","2013-11-17",532,532,461,52,8,3,2013-11-17,2013,0,71,409,44,5,3
"1612","2013-11-22",702,700,622,46,10,1,2013-11-22,2013,2,78,576,36,9,1
"1613","2013-11-30",479,478,433,31,8,0,2013-11-30,2013,1,45,402,23,8,0
"1614","2013-11-20",607,605,533,39,13,2,2013-11-20,2013,2,72,494,26,11,2
"1615","2013-11-04",658,657,583,38,6,2,2013-11-04,2013,1,74,545,32,4,2
"1616","2013-10-28",620,618,534,40,6,3,2013-10-28,2013,2,84,494,34,3,3
"1617","2013-10-25",647,647,589,35,8,1,2013-10-25,2013,0,58,554,27,7,1
"1618","2013-11-03",415,415,380,44,13,3,2013-11-03,2013,0,35,336,31,10,3
"1619","2013-10-07",618,617,546,38,8,3,2013-10-07,2013,1,71,508,30,5,3
"1620","2013-10-30",558,558,505,42,9,3,2013-10-30,2013,0,53,463,33,6,3
"1621","2013-11-02",551,551,501,47,13,6,2013-11-02,2013,0,50,454,34,7,6
"1622","2013-09-15",476,476,425,40,10,3,2013-09-15,2013,0,51,385,30,7,3
"1623","2013-10-01",616,616,551,35,6,0,2013-10-01,2013,0,65,516,29,6,0
"1624","2013-09-23",661,661,575,38,5,0,2013-09-23,2013,0,86,537,33,5,0
"1625","2013-09-28",547,545,498,42,9,1,2013-09-28,2013,2,47,456,33,8,1
"1626","2018-07-21",622,620,519,51,11,3,2018-07-21,2018,2,101,468,40,8,3
"1627","2018-07-15",564,563,462,54,16,4,2018-07-15,2018,1,101,408,38,12,4
"1628","2018-06-21",815,811,697,54,15,3,2018-06-21,2018,4,114,643,39,12,3
"1629","2018-06-30",651,650,560,50,14,3,2018-06-30,2018,1,90,510,36,11,3
"1630","2018-05-28",409,407,332,30,7,1,2018-05-28,2018,2,75,302,23,6,1
"1631","2018-05-14",689,688,592,50,11,4,2018-05-14,2018,1,96,542,39,7,4
"1632","2018-04-27",690,690,614,23,0,0,2018-04-27,2018,0,76,591,23,0,0
"1633","2018-04-17",600,599,508,23,3,1,2018-04-17,2018,1,91,485,20,2,1
"1634","2018-03-08",633,630,522,30,4,0,2018-03-08,2018,3,108,492,26,4,0
"1635","2018-03-19",686,684,593,28,8,1,2018-03-19,2018,2,91,565,20,7,1
"1636","2018-03-15",689,685,582,49,8,2,2018-03-15,2018,4,103,533,41,6,2
"1637","2018-03-23",732,731,639,45,13,2,2018-03-23,2018,1,92,594,32,11,2
"1638","2018-03-18",526,519,452,36,7,4,2018-03-18,2018,7,67,416,29,3,4
"1639","2018-02-27",631,626,541,27,3,1,2018-02-27,2018,5,85,514,24,2,1
"1640","2018-02-18",472,470,385,29,8,3,2018-02-18,2018,2,85,356,21,5,3
"1641","2018-02-07",653,653,519,43,10,4,2018-02-07,2018,0,134,476,33,6,4
"1642","2018-02-02",617,614,530,47,8,5,2018-02-02,2018,3,84,483,39,3,5
"1643","2013-08-13",552,551,493,31,6,1,2013-08-13,2013,1,58,462,25,5,1
"1644","2013-09-02",431,429,370,34,9,2,2013-09-02,2013,2,59,336,25,7,2
"1645","2013-09-04",604,604,542,52,8,2,2013-09-04,2013,0,62,490,44,6,2
"1646","2013-08-14",622,622,552,31,2,1,2013-08-14,2013,0,70,521,29,1,1
"1647","2013-09-09",632,632,555,40,8,1,2013-09-09,2013,0,77,515,32,7,1
"1648","2013-08-28",482,481,421,42,7,0,2013-08-28,2013,1,60,379,35,7,0
"1649","2013-08-11",481,480,423,42,11,1,2013-08-11,2013,1,57,381,31,10,1
"1650","2013-08-08",549,548,482,31,6,1,2013-08-08,2013,1,66,451,25,5,1
"1651","2013-08-10",495,494,436,38,5,2,2013-08-10,2013,1,58,398,33,3,2
"1652","2013-08-07",508,507,451,27,4,3,2013-08-07,2013,1,56,424,23,1,3
"1653","2013-07-31",553,553,510,38,9,3,2013-07-31,2013,0,43,472,29,6,3
"1654","2013-07-24",571,571,519,36,7,1,2013-07-24,2013,0,52,483,29,6,1
"1655","2013-08-02",626,626,567,39,4,0,2013-08-02,2013,0,59,528,35,4,0
"1656","2013-07-16",582,581,531,40,10,3,2013-07-16,2013,1,50,491,30,7,3
"1657","2013-07-23",571,570,498,28,5,0,2013-07-23,2013,1,72,470,23,5,0
"1658","2013-06-29",591,590,537,52,12,3,2013-06-29,2013,1,53,485,40,9,3
"1659","2013-06-13",534,534,467,33,10,3,2013-06-13,2013,0,67,434,23,7,3
"1660","2013-06-10",624,622,549,39,11,2,2013-06-10,2013,2,73,510,28,9,2
"1661","2013-05-31",736,733,662,42,9,3,2013-05-31,2013,3,71,620,33,6,3
"1662","2013-05-15",532,531,485,31,5,1,2013-05-15,2013,1,46,454,26,4,1
"1663","2013-05-14",565,561,492,29,3,2,2013-05-14,2013,4,69,463,26,1,2
"1664","2013-05-06",561,560,488,51,7,2,2013-05-06,2013,1,72,437,44,5,2
"1665","2013-04-26",675,674,608,45,2,1,2013-04-26,2013,1,66,563,43,1,1
"1666","2013-05-03",686,685,622,35,8,1,2013-05-03,2013,1,63,587,27,7,1
"1667","2013-05-10",698,698,635,56,15,3,2013-05-10,2013,0,63,579,41,12,3
"1668","2013-04-02",437,436,393,28,5,1,2013-04-02,2013,1,43,365,23,4,1
"1669","2013-03-21",508,507,462,35,3,1,2013-03-21,2013,1,45,427,32,2,1
"1670","2013-03-22",604,602,528,41,11,4,2013-03-22,2013,2,74,487,30,7,4
"1671","2013-03-26",425,425,379,31,6,1,2013-03-26,2013,0,46,348,25,5,1
"1672","2013-04-08",582,582,534,43,10,3,2013-04-08,2013,0,48,491,33,7,3
"1673","2013-03-30",513,512,442,41,13,4,2013-03-30,2013,1,70,401,28,9,4
"1674","2013-03-25",498,496,434,27,6,1,2013-03-25,2013,2,62,407,21,5,1
"1675","2013-02-17",447,446,386,30,5,1,2013-02-17,2013,1,60,356,25,4,1
"1676","2013-02-26",537,537,463,43,12,2,2013-02-26,2013,0,74,420,31,10,2
"1677","2013-02-23",521,521,447,39,12,4,2013-02-23,2013,0,74,408,27,8,4
"1678","2013-03-16",521,519,451,38,6,0,2013-03-16,2013,2,68,413,32,6,0
"1679","2018-01-11",696,693,574,40,4,1,2018-01-11,2018,3,119,534,36,3,1
"1680","2018-01-24",615,614,525,44,9,1,2018-01-24,2018,1,89,481,35,8,1
"1681","2017-12-26",543,542,460,34,7,3,2017-12-26,2017,1,82,426,27,4,3
"1682","2017-12-23",565,564,470,44,8,4,2017-12-23,2017,1,94,426,36,4,4
"1683","2017-12-11",725,721,603,33,3,0,2017-12-11,2017,4,118,570,30,3,0
"1684","2017-12-05",704,702,606,49,4,1,2017-12-05,2017,2,96,557,45,3,1
"1685","2017-11-01",607,606,512,26,2,1,2017-11-01,2017,1,94,486,24,1,1
"1686","2017-10-11",628,625,534,36,7,0,2017-10-11,2017,3,91,498,29,7,0
"1687","2017-10-05",657,655,551,33,9,4,2017-10-05,2017,2,104,518,24,5,4
"1688","2017-10-14",567,567,484,48,8,2,2017-10-14,2017,0,83,436,40,6,2
"1689","2017-09-26",656,655,541,35,3,1,2017-09-26,2017,1,114,506,32,2,1
"1690","2017-10-13",658,657,571,34,9,1,2017-10-13,2017,1,86,537,25,8,1
"1691","2017-10-03",687,686,604,46,4,2,2017-10-03,2017,1,82,558,42,2,2
"1692","2017-09-19",661,658,579,41,8,4,2017-09-19,2017,3,79,538,33,4,4
"1693","2017-07-08",585,581,501,35,5,0,2017-07-08,2017,4,80,466,30,5,0
"1694","2017-08-30",671,671,563,37,7,2,2017-08-30,2017,0,108,526,30,5,2
"1695","2017-08-18",612,609,524,38,8,3,2017-08-18,2017,3,85,486,30,5,3
"1696","2017-08-21",627,623,530,42,6,2,2017-08-21,2017,4,93,488,36,4,2
"1697","2017-08-23",629,625,534,33,4,2,2017-08-23,2017,4,91,501,29,2,2
"1698","2017-08-13",563,560,482,43,9,2,2017-08-13,2017,3,78,439,34,7,2
"1699","2017-08-22",684,683,597,39,7,1,2017-08-22,2017,1,86,558,32,6,1
"1700","2013-03-13",636,636,577,51,9,1,2013-03-13,2013,0,59,526,42,8,1
"1701","2013-02-20",510,510,453,28,2,0,2013-02-20,2013,0,57,425,26,2,0
"1702","2013-02-14",631,630,555,40,6,0,2013-02-14,2013,1,75,515,34,6,0
"1703","2013-02-10",400,400,350,35,5,2,2013-02-10,2013,0,50,315,30,3,2
"1704","2013-02-04",553,553,488,38,10,4,2013-02-04,2013,0,65,450,28,6,4
"1705","2013-01-30",497,497,439,35,8,4,2013-01-30,2013,0,58,404,27,4,4
"1706","2013-01-18",561,561,516,31,7,4,2013-01-18,2013,0,45,485,24,3,4
"1707","2013-02-03",445,445,396,49,12,5,2013-02-03,2013,0,49,347,37,7,5
"1708","2013-01-24",554,554,489,42,11,2,2013-01-24,2013,0,65,447,31,9,2
"1709","2013-02-08",703,701,583,54,8,2,2013-02-08,2013,2,118,529,46,6,2
"1710","2012-12-16",500,500,420,55,14,3,2012-12-16,2012,0,80,365,41,11,3
"1711","2012-12-29",442,442,362,40,11,1,2012-12-29,2012,0,80,322,29,10,1
"1712","2012-12-18",645,645,567,50,7,1,2012-12-18,2012,0,78,517,43,6,1
"1713","2013-01-02",480,480,436,39,11,1,2013-01-02,2013,0,44,397,28,10,1
"1714","2013-01-03",549,549,487,34,4,2,2013-01-03,2013,0,62,453,30,2,2
"1715","2012-12-25",354,354,303,20,6,1,2012-12-25,2012,0,51,283,14,5,1
"1716","2013-01-05",389,389,345,28,7,2,2013-01-05,2013,0,44,317,21,5,2
"1717","2012-12-05",514,514,449,32,6,1,2012-12-05,2012,0,65,417,26,5,1
"1718","2012-11-14",625,625,565,26,6,1,2012-11-14,2012,0,60,539,20,5,1
"1719","2012-10-25",511,511,458,32,4,1,2012-10-25,2012,0,53,426,28,3,1
"1720","2012-11-05",479,479,431,24,4,0,2012-11-05,2012,0,48,407,20,4,0
"1721","2012-10-30",372,372,222,17,5,1,2012-10-30,2012,0,150,205,12,4,1
"1722","2012-10-14",517,517,469,43,15,4,2012-10-14,2012,0,48,426,28,11,4
"1723","2012-09-19",612,612,545,44,10,0,2012-09-19,2012,0,67,501,34,10,0
"1724","2012-09-15",557,557,513,34,13,4,2012-09-15,2012,0,44,479,21,9,4
"1725","2012-09-06",572,572,529,30,11,3,2012-09-06,2012,0,43,499,19,8,3
"1726","2012-08-25",474,474,425,42,12,6,2012-08-25,2012,0,49,383,30,6,6
"1727","2012-09-04",606,606,534,48,10,3,2012-09-04,2012,0,72,486,38,7,3
"1728","2012-08-12",505,505,454,55,11,1,2012-08-12,2012,0,51,399,44,10,1
"1729","2012-07-15",494,494,451,31,8,0,2012-07-15,2012,0,43,420,23,8,0
"1730","2017-07-27",610,607,526,39,11,2,2017-07-27,2017,3,81,487,28,9,2
"1731","2017-07-23",554,554,459,37,12,3,2017-07-23,2017,0,95,422,25,9,3
"1732","2017-07-07",674,671,583,55,7,1,2017-07-07,2017,3,88,528,48,6,1
"1733","2017-07-02",537,534,455,44,10,4,2017-07-02,2017,3,79,411,34,6,4
"1734","2017-06-15",771,766,663,50,9,3,2017-06-15,2017,5,103,613,41,6,3
"1735","2017-06-22",845,842,735,59,8,1,2017-06-22,2017,3,107,676,51,7,1
"1736","2017-06-14",754,754,656,49,12,3,2017-06-14,2017,0,98,607,37,9,3
"1737","2017-06-03",637,636,555,57,19,2,2017-06-03,2017,1,81,498,38,17,2
"1738","2017-05-30",647,646,565,46,13,2,2017-05-30,2017,1,81,519,33,11,2
"1739","2017-05-15",729,727,651,36,9,0,2017-05-15,2017,2,76,615,27,9,0
"1740","2017-04-04",598,598,530,28,7,1,2017-04-04,2017,0,68,502,21,6,1
"1741","2017-02-23",581,578,478,26,6,1,2017-02-23,2017,3,100,452,20,5,1
"1742","2017-04-11",519,518,434,35,9,1,2017-04-11,2017,1,84,399,26,8,1
"1743","2017-04-08",627,626,538,43,10,4,2017-04-08,2017,1,88,495,33,6,4
"1744","2017-03-28",592,590,481,30,8,1,2017-03-28,2017,2,109,451,22,7,1
"1745","2017-03-15",650,650,525,28,3,1,2017-03-15,2017,0,125,497,25,2,1
"1746","2017-03-22",617,615,517,35,9,4,2017-03-22,2017,2,98,482,26,5,4
"1747","2017-03-16",839,839,726,48,5,2,2017-03-16,2017,0,113,678,43,3,2
"1748","2017-03-12",516,515,451,50,13,4,2017-03-12,2017,1,64,401,37,9,4
"1749","2017-03-10",612,611,517,33,6,0,2017-03-10,2017,1,94,484,27,6,0
"1750","2017-02-21",483,480,408,29,5,1,2017-02-21,2017,3,72,379,24,4,1
"1751","2017-02-14",688,686,589,39,8,0,2017-02-14,2017,2,97,550,31,8,0
"1752","2017-02-15",603,602,519,31,9,2,2017-02-15,2017,1,83,488,22,7,2
"1753","2016-12-30",583,581,500,37,9,3,2016-12-30,2016,2,81,463,28,6,3
"1754","2012-08-07",547,547,486,39,3,0,2012-08-07,2012,0,61,447,36,3,0
"1755","2012-07-02",564,564,510,40,5,2,2012-07-02,2012,0,54,470,35,3,2
"1756","2022-09-25",282,282,222,37,9,1,2022-09-25,2022,0,60,185,28,8,1
"1757","2022-10-27",260,257,194,20,7,5,2022-10-27,2022,3,63,174,13,2,5
"1758","2022-10-25",275,274,205,22,7,1,2022-10-25,2022,1,69,183,15,6,1
"1759","2016-12-09",701,699,604,41,11,2,2016-12-09,2016,2,95,563,30,9,2
"1760","2016-12-23",692,690,582,36,8,3,2016-12-23,2016,2,108,546,28,5,3
"1761","2016-11-19",692,690,587,63,18,2,2016-11-19,2016,2,103,524,45,16,2
"1762","2016-10-30",557,556,474,33,13,6,2016-10-30,2016,1,82,441,20,7,6
"1763","2021-09-18",319,316,241,39,7,1,2021-09-18,2021,3,75,202,32,6,1
"1764","2021-12-20",292,290,218,32,11,2,2021-12-20,2021,2,72,186,21,9,2
"1765","2021-05-09",266,266,214,28,12,5,2021-05-09,2021,0,52,186,16,7,5
"1766","2021-09-25",358,357,267,40,10,2,2021-09-25,2021,1,90,227,30,8,2
"1767","2022-01-05",306,304,221,52,25,13,2022-01-05,2022,2,83,169,27,12,13
"1768","2021-07-17",339,335,266,32,6,2,2021-07-17,2021,4,69,234,26,4,2
"1769","2021-08-02",325,324,257,26,9,3,2021-08-02,2021,1,67,231,17,6,3
"1770","2021-08-19",286,286,224,31,9,5,2021-08-19,2021,0,62,193,22,4,5
"1771","2021-08-22",257,255,190,36,13,6,2021-08-22,2021,2,65,154,23,7,6
"1772","2021-08-26",343,342,268,38,12,1,2021-08-26,2021,1,74,230,26,11,1
"1773","2021-09-08",334,333,263,27,6,2,2021-09-08,2021,1,70,236,21,4,2
"1774","2022-02-08",278,274,197,15,7,1,2022-02-08,2022,4,77,182,8,6,1
"1775","2022-02-11",319,317,250,31,7,0,2022-02-11,2022,2,67,219,24,7,0
"1776","2021-11-29",323,320,250,28,5,1,2021-11-29,2021,3,70,222,23,4,1
"1777","2022-02-22",244,244,180,23,6,1,2022-02-22,2022,0,64,157,17,5,1
"1778","2022-04-20",282,280,199,30,5,0,2022-04-20,2022,2,81,169,25,5,0
"1779","2022-03-09",286,285,212,17,3,2,2022-03-09,2022,1,73,195,14,1,2
"1780","2022-05-04",251,249,206,24,5,0,2022-05-04,2022,2,43,182,19,5,0
"1781","2022-03-18",361,361,293,37,13,5,2022-03-18,2022,0,68,256,24,8,5
"1782","2022-07-20",290,289,232,29,10,3,2022-07-20,2022,1,57,203,19,7,3
"1783","2016-10-27",831,828,693,43,10,1,2016-10-27,2016,3,135,650,33,9,1
"1784","2016-10-12",498,497,422,37,2,1,2016-10-12,2016,1,75,385,35,1,1
"1785","2016-09-29",624,619,526,52,8,2,2016-09-29,2016,5,93,474,44,6,2
"1786","2016-09-16",780,779,677,46,10,3,2016-09-16,2016,1,102,631,36,7,3
"1787","2016-10-06",764,762,663,40,6,0,2016-10-06,2016,2,99,623,34,6,0
"1788","2016-10-08",633,632,540,44,14,3,2016-10-08,2016,1,92,496,30,11,3
"1789","2016-09-04",466,464,388,43,10,1,2016-09-04,2016,2,76,345,33,9,1
"1790","2016-09-11",538,537,464,44,10,0,2016-09-11,2016,1,73,420,34,10,0
"1791","2016-07-30",599,599,512,55,11,2,2016-07-30,2016,0,87,457,44,9,2
"1792","2016-07-28",709,706,611,51,6,1,2016-07-28,2016,3,95,560,45,5,1
"1793","2016-07-08",612,612,526,34,5,1,2016-07-08,2016,0,86,492,29,4,1
"1794","2016-06-28",675,674,576,30,9,0,2016-06-28,2016,1,98,546,21,9,0
"1795","2016-07-16",623,621,531,44,12,3,2016-07-16,2016,2,90,487,32,9,3
"1796","2016-07-09",498,498,412,34,4,1,2016-07-09,2016,0,86,378,30,3,1
"1797","2016-06-08",763,759,657,57,16,8,2016-06-08,2016,4,102,600,41,8,8
"1798","2016-05-18",676,674,601,32,3,1,2016-05-18,2016,2,73,569,29,2,1
"1799","2016-05-31",760,760,669,49,10,1,2016-05-31,2016,0,91,620,39,9,1
"1800","2016-06-02",683,682,607,49,11,2,2016-06-02,2016,1,75,558,38,9,2
"1801","2016-05-13",766,762,666,49,6,2,2016-05-13,2016,4,96,617,43,4,2
"1802","2016-05-26",742,741,659,48,9,2,2016-05-26,2016,1,82,611,39,7,2
"1803","2016-04-13",700,697,609,40,10,2,2016-04-13,2016,3,88,569,30,8,2
"1804","2016-04-24",448,448,377,32,5,0,2016-04-24,2016,0,71,345,27,5,0
"1805","2016-05-06",728,725,624,48,10,3,2016-05-06,2016,3,101,576,38,7,3
"1806","2016-04-22",741,737,632,38,8,2,2016-04-22,2016,4,105,594,30,6,2
"1807","2016-04-29",517,514,447,31,6,2,2016-04-29,2016,3,67,416,25,4,2
"1808","2016-04-11",624,623,547,48,12,2,2016-04-11,2016,1,76,499,36,10,2
"1809","2016-03-25",546,546,460,36,8,3,2016-03-25,2016,0,86,424,28,5,3
"1810","2016-03-20",479,477,386,39,11,4,2016-03-20,2016,2,91,347,28,7,4
"1811","2016-02-03",579,574,472,18,1,1,2016-02-03,2016,5,102,454,17,0,1
"1812","2015-12-26",395,394,355,29,7,2,2015-12-26,2015,1,39,326,22,5,2
"1813","2016-01-18",481,477,409,35,3,1,2016-01-18,2016,4,68,374,32,2,1
"1814","2016-01-10",462,462,389,29,9,1,2016-01-10,2016,0,73,360,20,8,1
"1815","2016-01-05",640,634,561,31,6,2,2016-01-05,2016,6,73,530,25,4,2
"1816","2016-01-09",554,550,488,45,10,5,2016-01-09,2016,4,62,443,35,5,5
"1817","2016-01-02",422,422,380,24,4,0,2016-01-02,2016,0,42,356,20,4,0
"1818","2015-12-09",575,573,511,32,8,3,2015-12-09,2015,2,62,479,24,5,3
"1819","2015-10-31",357,355,312,26,5,1,2015-10-31,2015,2,43,286,21,4,1
"1820","2022-05-20",323,322,250,29,7,2,2022-05-20,2022,1,72,221,22,5,2
"1821","2022-06-15",360,358,283,35,7,3,2022-06-15,2022,2,75,248,28,4,3
"1822","2022-06-26",343,342,269,31,9,3,2022-06-26,2022,1,73,238,22,6,3
"1823","2022-08-25",274,274,223,25,5,1,2022-08-25,2022,0,51,198,20,4,1
"1824","2021-03-01",224,224,166,17,4,0,2021-03-01,2021,0,58,149,13,4,0
"1825","2021-02-23",240,238,184,19,5,1,2021-02-23,2021,2,54,165,14,4,1
"1826","2021-02-15",208,207,150,25,8,2,2021-02-15,2021,1,57,125,17,6,2
"1827","2021-04-07",303,301,237,26,9,4,2021-04-07,2021,2,64,211,17,5,4
"1828","2021-01-17",210,207,156,26,9,3,2021-01-17,2021,3,51,130,17,6,3
"1829","2021-01-13",245,245,187,27,9,5,2021-01-13,2021,0,58,160,18,4,5
"1830","2020-12-21",268,259,201,24,7,1,2020-12-21,2020,9,58,177,17,6,1
"1831","2021-01-29",291,289,217,28,8,2,2021-01-29,2021,2,72,189,20,6,2
"1832","2021-01-19",261,260,189,27,8,1,2021-01-19,2021,1,71,162,19,7,1
"1833","2020-10-24",301,301,226,30,11,4,2020-10-24,2020,0,75,196,19,7,4
"1834","2020-11-25",276,276,221,24,8,6,2020-11-25,2020,0,55,197,16,2,6
"1835","2020-11-02",327,325,248,24,6,3,2020-11-02,2020,2,77,224,18,3,3
"1836","2020-10-30",394,392,284,34,10,4,2020-10-30,2020,2,108,250,24,6,4
"1837","2020-11-16",305,305,221,26,6,1,2020-11-16,2020,0,84,195,20,5,1
"1838","2020-11-07",329,329,258,41,15,8,2020-11-07,2020,0,71,217,26,7,8
"1839","2020-05-16",217,216,163,20,4,2,2020-05-16,2020,1,53,143,16,2,2
"1840","2020-09-07",295,293,226,33,9,2,2020-09-07,2020,2,67,193,24,7,2
"1841","2020-09-04",383,378,302,32,9,1,2020-09-04,2020,5,76,270,23,8,1
"1842","2020-08-26",310,308,237,28,7,2,2020-08-26,2020,2,71,209,21,5,2
"1843","2020-07-11",274,272,198,31,10,2,2020-07-11,2020,2,74,167,21,8,2
"1844","2020-07-10",296,296,206,28,11,2,2020-07-10,2020,0,90,178,17,9,2
"1845","2020-08-06",356,354,280,37,6,3,2020-08-06,2020,2,74,243,31,3,3
"1846","2020-07-21",331,330,245,36,6,0,2020-07-21,2020,1,85,209,30,6,0
"1847","2020-07-29",318,316,244,29,9,2,2020-07-29,2020,2,72,215,20,7,2
"1848","2020-06-06",262,261,198,35,11,5,2020-06-06,2020,1,63,163,24,6,5
"1849","2020-06-10",238,236,188,25,9,4,2020-06-10,2020,2,48,163,16,5,4
"1850","2020-05-17",171,171,120,27,10,3,2020-05-17,2020,0,51,93,17,7,3
"1851","2015-10-20",714,713,615,43,5,1,2015-10-20,2015,1,98,572,38,4,1
"1852","2015-09-28",586,583,529,27,5,1,2015-09-28,2015,3,54,502,22,4,1
"1853","2015-09-19",655,653,584,43,11,4,2015-09-19,2015,2,69,541,32,7,4
"1854","2015-09-21",624,622,535,39,12,1,2015-09-21,2015,2,87,496,27,11,1
"1855","2015-09-29",557,556,493,31,6,2,2015-09-29,2015,1,63,462,25,4,2
"1856","2015-08-03",705,703,641,50,9,2,2015-08-03,2015,2,62,591,41,7,2
"1857","2015-07-16",686,684,607,33,7,1,2015-07-16,2015,2,77,574,26,6,1
"1858","2015-07-04",389,389,338,39,8,4,2015-07-04,2015,0,51,299,31,4,4
"1859","2015-07-25",451,450,413,41,7,3,2015-07-25,2015,1,37,372,34,4,3
"1860","2015-06-18",615,611,537,36,5,1,2015-06-18,2015,4,74,501,31,4,1
"1861","2015-06-14",578,577,521,33,9,3,2015-06-14,2015,1,56,488,24,6,3
"1862","2015-06-05",692,690,613,46,9,2,2015-06-05,2015,2,77,567,37,7,2
"1863","2015-06-01",691,690,602,30,8,0,2015-06-01,2015,1,88,572,22,8,0
"1864","2015-05-14",654,653,574,38,12,5,2015-05-14,2015,1,79,536,26,7,5
"1865","2015-05-15",723,719,655,38,6,3,2015-05-15,2015,4,64,617,32,3,3
"1866","2015-05-20",666,662,575,38,5,2,2015-05-20,2015,4,87,537,33,3,2
"1867","2020-02-16",387,384,305,36,7,2,2020-02-16,2020,3,79,269,29,5,2
"1868","2020-02-23",392,392,322,37,10,1,2020-02-23,2020,0,70,285,27,9,1
"1869","2020-03-12",456,456,383,29,6,2,2020-03-12,2020,0,73,354,23,4,2
"1870","2020-02-28",530,527,440,24,8,0,2020-02-28,2020,3,87,416,16,8,0
"1871","2020-03-05",529,526,455,39,7,1,2020-03-05,2020,3,71,416,32,6,1
"1872","2020-02-25",527,525,431,32,7,2,2020-02-25,2020,2,94,399,25,5,2
"1873","2020-01-20",390,388,325,29,12,5,2020-01-20,2020,2,63,296,17,7,5
"1874","2020-02-01",409,406,337,38,14,3,2020-02-01,2020,3,69,299,24,11,3
"1875","2020-02-07",604,601,476,43,9,2,2020-02-07,2020,3,125,433,34,7,2
"1876","2020-01-29",495,492,391,30,9,2,2020-01-29,2020,3,101,361,21,7,2
"1877","2020-01-11",439,436,351,48,17,3,2020-01-11,2020,3,85,303,31,14,3
"1878","2020-01-09",521,520,438,34,8,3,2020-01-09,2020,1,82,404,26,5,3
"1879","2020-01-08",454,451,365,22,5,3,2020-01-08,2020,3,86,343,17,2,3
"1880","2019-12-10",667,664,546,37,6,2,2019-12-10,2019,3,118,509,31,4,2
"1881","2019-11-20",526,524,449,29,9,1,2019-11-20,2019,2,75,420,20,8,1
"1882","2019-11-28",374,374,306,28,6,3,2019-11-28,2019,0,68,278,22,3,3
"1883","2019-11-16",527,524,431,40,8,3,2019-11-16,2019,3,93,391,32,5,3
"1884","2019-11-27",561,561,468,29,10,1,2019-11-27,2019,0,93,439,19,9,1
"1885","2019-10-22",562,561,468,39,14,6,2019-10-22,2019,1,93,429,25,8,6
"1886","2019-09-22",515,514,433,47,11,3,2019-09-22,2019,1,81,386,36,8,3
"1887","2019-09-15",604,604,519,45,11,4,2019-09-15,2019,0,85,474,34,7,4
"1888","2019-09-18",605,603,521,34,3,0,2019-09-18,2019,2,82,487,31,3,0
"1889","2019-09-17",635,635,542,31,5,0,2019-09-17,2019,0,93,511,26,5,0
"1890","2019-07-15",637,635,538,52,9,1,2019-07-15,2019,2,97,486,43,8,1
"1891","2015-03-25",538,535,468,31,5,1,2015-03-25,2015,3,67,437,26,4,1
"1892","2015-03-01",693,692,635,54,8,0,2015-03-01,2015,1,57,581,46,8,0
"1893","2015-02-18",626,622,538,35,10,2,2015-02-18,2015,4,84,503,25,8,2
"1894","2015-02-01",361,360,322,23,5,1,2015-02-01,2015,1,38,299,18,4,1
"1895","2015-01-24",428,427,359,31,2,1,2015-01-24,2015,1,68,328,29,1,1
"1896","2014-12-30",469,469,423,40,10,1,2014-12-30,2014,0,46,383,30,9,1
"1897","2014-12-22",566,565,497,41,9,2,2014-12-22,2014,1,68,456,32,7,2
"1898","2014-11-24",722,720,622,42,9,2,2014-11-24,2014,2,98,580,33,7,2
"1899","2014-11-29",394,393,357,21,5,1,2014-11-29,2014,1,36,336,16,4,1
"1900","2014-10-30",626,623,558,44,9,3,2014-10-30,2014,3,65,514,35,6,3
"1901","2014-11-14",654,652,577,39,8,2,2014-11-14,2014,2,75,538,31,6,2
"1902","2014-10-24",669,668,597,43,7,2,2014-10-24,2014,1,71,554,36,5,2
"1903","2014-10-19",483,483,428,35,6,1,2014-10-19,2014,0,55,393,29,5,1
"1904","2019-08-11",484,480,395,41,16,5,2019-08-11,2019,4,85,354,25,11,5
"1905","2019-06-17",552,551,473,29,3,0,2019-06-17,2019,1,78,444,26,3,0
"1906","2019-06-04",615,610,525,38,5,1,2019-06-04,2019,5,85,487,33,4,1
"1907","2019-05-29",601,600,522,32,10,2,2019-05-29,2019,1,78,490,22,8,2
"1908","2019-06-12",686,685,585,35,9,2,2019-06-12,2019,1,100,550,26,7,2
"1909","2019-06-05",655,653,563,53,4,2,2019-06-05,2019,2,90,510,49,2,2
"1910","2019-05-28",654,654,545,40,9,1,2019-05-28,2019,0,109,505,31,8,1
"1911","2019-05-05",529,528,427,38,9,2,2019-05-05,2019,1,101,389,29,7,2
"1912","2019-05-10",660,658,578,46,11,3,2019-05-10,2019,2,80,532,35,8,3
"1913","2019-04-07",487,485,410,40,9,0,2019-04-07,2019,2,75,370,31,9,0
"1914","2019-02-11",568,564,479,41,12,4,2019-02-11,2019,4,85,438,29,8,4
"1915","2019-01-23",553,553,464,36,8,4,2019-01-23,2019,0,89,428,28,4,4
"1916","2019-03-16",550,549,469,36,10,3,2019-03-16,2019,1,80,433,26,7,3
"1917","2019-03-29",563,560,489,42,9,3,2019-03-29,2019,3,71,447,33,6,3
"1918","2019-03-31",450,450,367,41,13,1,2019-03-31,2019,0,83,326,28,12,1
"1919","2019-02-07",588,585,499,23,9,3,2019-02-07,2019,3,86,476,14,6,3
"1920","2019-02-27",529,527,455,37,5,0,2019-02-27,2019,2,72,418,32,5,0
"1921","2019-02-05",570,567,479,31,10,5,2019-02-05,2019,3,88,448,21,5,5
"1922","2019-02-15",616,616,515,33,7,3,2019-02-15,2019,0,101,482,26,4,3
"1923","2019-03-03",503,500,398,30,7,2,2019-03-03,2019,3,102,368,23,5,2
"1924","2014-10-08",639,639,574,42,7,1,2014-10-08,2014,0,65,532,35,6,1
"1925","2014-08-31",495,492,447,42,9,1,2014-08-31,2014,3,45,405,33,8,1
"1926","2014-07-12",550,549,494,45,4,1,2014-07-12,2014,1,55,449,41,3,1
"1927","2014-07-05",505,505,437,35,6,1,2014-07-05,2014,0,68,402,29,5,1
"1928","2014-06-23",644,642,557,31,8,1,2014-06-23,2014,2,85,526,23,7,1
"1929","2014-05-13",560,559,498,35,6,2,2014-05-13,2014,1,61,463,29,4,2
"1930","2014-05-29",663,660,582,31,9,2,2014-05-29,2014,3,78,551,22,7,2
"1931","2014-05-05",618,616,557,44,11,1,2014-05-05,2014,2,59,513,33,10,1
"1932","2014-04-13",482,482,400,51,14,3,2014-04-13,2014,0,82,349,37,11,3
"1933","2014-04-29",555,554,501,34,5,0,2014-04-29,2014,1,53,467,29,5,0
"1934","2014-04-22",459,459,404,28,5,0,2014-04-22,2014,0,55,376,23,5,0
"1935","2014-04-10",645,645,553,33,5,1,2014-04-10,2014,0,92,520,28,4,1
"1936","2014-03-21",589,588,486,38,4,2,2014-03-21,2014,1,102,448,34,2,2
"1937","2019-01-06",376,375,301,33,9,0,2019-01-06,2019,1,74,268,24,9,0
"1938","2019-02-01",651,650,561,31,5,1,2019-02-01,2019,1,89,530,26,4,1
"1939","2019-01-28",565,563,467,37,6,2,2019-01-28,2019,2,96,430,31,4,2
"1940","2019-01-11",644,641,555,44,11,4,2019-01-11,2019,3,86,511,33,7,4
"1941","2018-12-14",841,836,701,51,7,2,2018-12-14,2018,5,135,650,44,5,2
"1942","2018-12-31",622,617,478,39,11,4,2018-12-31,2018,5,139,439,28,7,4
"1943","2018-12-07",705,704,618,49,7,0,2018-12-07,2018,1,86,569,42,7,0
"1944","2018-11-30",743,740,634,39,7,0,2018-11-30,2018,3,106,595,32,7,0
"1945","2018-12-02",558,556,445,45,7,4,2018-12-02,2018,2,111,400,38,3,4
"1946","2018-10-22",650,649,566,37,9,3,2018-10-22,2018,1,83,529,28,6,3
"1947","2018-10-25",763,763,651,38,4,1,2018-10-25,2018,0,112,613,34,3,1
"1948","2018-10-02",613,611,508,34,5,1,2018-10-02,2018,2,103,474,29,4,1
"1949","2018-10-11",741,738,626,46,9,2,2018-10-11,2018,3,112,580,37,7,2
"1950","2018-10-15",692,688,587,39,2,2,2018-10-15,2018,4,101,548,37,0,2
"1951","2018-10-12",830,828,700,54,4,0,2018-10-12,2018,2,128,646,50,4,0
"1952","2018-09-28",712,711,612,49,11,4,2018-09-28,2018,1,99,563,38,7,4
"1953","2018-09-29",604,602,527,58,13,2,2018-09-29,2018,2,75,469,45,11,2
"1954","2018-09-13",718,718,628,47,12,2,2018-09-13,2018,0,90,581,35,10,2
"1955","2018-08-11",568,566,493,34,3,2,2018-08-11,2018,2,73,459,31,1,2
"1956","2018-08-21",580,580,488,27,5,3,2018-08-21,2018,0,92,461,22,2,3
"1957","2018-08-18",579,576,482,44,9,5,2018-08-18,2018,3,94,438,35,4,5
"1958","2014-03-14",585,584,300,18,4,1,2014-03-14,2014,1,284,282,14,3,1
"1959","2014-03-19",525,524,422,28,4,0,2014-03-19,2014,1,102,394,24,4,0
"1960","2014-03-10",513,510,407,42,10,1,2014-03-10,2014,3,103,365,32,9,1
"1961","2014-02-05",468,468,391,17,5,0,2014-02-05,2014,0,77,374,12,5,0
"1962","2014-01-14",559,559,460,26,3,1,2014-01-14,2014,0,99,434,23,2,1
"1963","2014-01-02",603,602,506,39,8,3,2014-01-02,2014,1,96,467,31,5,3
"1964","2014-01-24",705,704,604,45,9,2,2014-01-24,2014,1,100,559,36,7,2
"1965","2014-01-28",504,504,439,30,4,1,2014-01-28,2014,0,65,409,26,3,1
"1966","2014-01-31",560,560,509,28,5,1,2014-01-31,2014,0,51,481,23,4,1
"1967","2014-01-19",380,380,329,37,6,3,2014-01-19,2014,0,51,292,31,3,3
"1968","2013-12-08",456,456,377,38,7,2,2013-12-08,2013,0,79,339,31,5,2
"1969","2013-12-31",465,462,406,23,3,1,2013-12-31,2013,3,56,383,20,2,1
"1970","2013-12-07",567,566,498,38,4,1,2013-12-07,2013,1,68,460,34,3,1
"1971","2013-12-26",428,425,369,31,6,2,2013-12-26,2013,3,56,338,25,4,2
"1972","2013-11-08",682,681,614,36,8,3,2013-11-08,2013,1,67,578,28,5,3
"1973","2013-11-14",620,617,538,38,8,1,2013-11-14,2013,3,79,500,30,7,1
"1974","2013-11-10",474,474,431,33,9,1,2013-11-10,2013,0,43,398,24,8,1
"1975","2013-12-01",420,419,362,31,6,3,2013-12-01,2013,1,57,331,25,3,3
"1976","2013-10-29",600,599,538,33,6,0,2013-10-29,2013,1,61,505,27,6,0
"1977","2013-10-17",574,573,506,35,5,0,2013-10-17,2013,1,67,471,30,5,0
"1978","2013-09-19",536,536,482,34,8,1,2013-09-19,2013,0,54,448,26,7,1
"1979","2018-07-14",577,577,500,45,7,1,2018-07-14,2018,0,77,455,38,6,1
"1980","2018-07-28",637,637,546,46,13,2,2018-07-28,2018,0,91,500,33,11,2
"1981","2018-07-09",672,670,585,44,10,0,2018-07-09,2018,2,85,541,34,10,0
"1982","2018-06-14",833,832,725,54,8,2,2018-06-14,2018,1,107,671,46,6,2
"1983","2018-06-15",728,727,625,54,15,3,2018-06-15,2018,1,102,571,39,12,3
"1984","2018-06-29",845,844,719,38,11,3,2018-06-29,2018,1,125,681,27,8,3
"1985","2018-05-30",708,706,595,34,2,1,2018-05-30,2018,2,111,561,32,1,1
"1986","2018-05-21",626,624,525,38,7,3,2018-05-21,2018,2,99,487,31,4,3
"1987","2018-04-14",624,623,525,58,13,6,2018-04-14,2018,1,98,467,45,7,6
"1988","2018-01-30",579,576,481,21,4,2,2018-01-30,2018,3,95,460,17,2,2
"1989","2018-01-16",617,616,503,39,12,4,2018-01-16,2018,1,113,464,27,8,4
"1990","2013-08-26",521,520,458,32,11,3,2013-08-26,2013,1,62,426,21,8,3
"1991","2013-08-27",506,506,456,27,5,2,2013-08-27,2013,0,50,429,22,3,2
"1992","2013-08-29",572,572,515,36,7,2,2013-08-29,2013,0,57,479,29,5,2
"1993","2013-07-09",583,581,527,38,9,1,2013-07-09,2013,2,54,489,29,8,1
"1994","2013-06-21",690,690,606,56,14,4,2013-06-21,2013,0,84,550,42,10,4
"1995","2013-06-30",423,423,382,26,4,1,2013-06-30,2013,0,41,356,22,3,1
"1996","2013-05-23",735,735,656,64,14,5,2013-05-23,2013,0,79,592,50,9,5
"1997","2013-05-24",668,665,592,36,9,3,2013-05-24,2013,3,73,556,27,6,3
"1998","2013-06-03",707,707,630,48,8,2,2013-06-03,2013,0,77,582,40,6,2
"1999","2013-05-26",455,454,403,38,5,2,2013-05-26,2013,1,51,365,33,3,2
"2000","2013-05-20",657,656,585,38,10,6,2013-05-20,2013,1,71,547,28,4,6
"2001","2013-05-25",514,514,450,32,5,1,2013-05-25,2013,0,64,418,27,4,1
"2002","2013-05-30",685,684,628,42,6,0,2013-05-30,2013,1,56,586,36,6,0
"2003","2013-04-17",535,535,475,47,5,1,2013-04-17,2013,0,60,428,42,4,1
"2004","2013-03-27",441,441,389,29,7,2,2013-03-27,2013,0,52,360,22,5,2
"2005","2013-03-24",451,450,391,31,7,2,2013-03-24,2013,1,59,360,24,5,2
"2006","2013-03-31",426,426,383,48,9,4,2013-03-31,2013,0,43,335,39,5,4
"2007","2013-04-14",472,472,422,36,8,3,2013-04-14,2013,0,50,386,28,5,3
"2008","2018-01-10",687,683,583,38,5,1,2018-01-10,2018,4,100,545,33,4,1
"2009","2018-01-27",510,506,439,40,9,2,2018-01-27,2018,4,67,399,31,7,2
"2010","2018-01-13",603,602,496,35,7,2,2018-01-13,2018,1,106,461,28,5,2
"2011","2017-12-12",687,685,589,43,7,1,2017-12-12,2017,2,96,546,36,6,1
"2012","2017-12-14",883,882,748,51,8,3,2017-12-14,2017,1,134,697,43,5,3
"2013","2017-11-22",774,773,678,30,6,1,2017-11-22,2017,1,95,648,24,5,1
"2014","2017-11-06",682,676,586,33,6,1,2017-11-06,2017,6,90,553,27,5,1
"2015","2017-11-04",613,611,529,39,10,2,2017-11-04,2017,2,82,490,29,8,2
"2016","2017-09-22",614,612,538,34,6,2,2017-09-22,2017,2,74,504,28,4,2
"2017","2017-10-12",603,599,515,39,4,1,2017-10-12,2017,4,84,476,35,3,1
"2018","2017-10-04",711,709,630,52,8,4,2017-10-04,2017,2,79,578,44,4,4
"2019","2017-09-06",608,604,520,39,11,2,2017-09-06,2017,4,84,481,28,9,2
"2020","2017-08-20",538,538,473,41,10,1,2017-08-20,2017,0,65,432,31,9,1
"2021","2017-08-06",519,515,437,42,10,2,2017-08-06,2017,4,78,395,32,8,2
"2022","2017-08-16",600,596,500,40,9,1,2017-08-16,2017,4,96,460,31,8,1
"2023","2013-02-18",398,397,358,23,4,2,2013-02-18,2013,1,39,335,19,2,2
"2024","2013-03-11",522,521,468,29,6,1,2013-03-11,2013,1,53,439,23,5,1
"2025","2013-02-11",475,475,401,25,2,0,2013-02-11,2013,0,74,376,23,2,0
"2026","2012-11-16",672,672,612,40,1,0,2012-11-16,2012,0,60,572,39,1,0
"2027","2013-01-17",491,490,427,25,7,1,2013-01-17,2013,1,63,402,18,6,1
"2028","2013-02-02",534,534,476,44,8,1,2013-02-02,2013,0,58,432,36,7,1
"2029","2013-01-16",578,578,480,39,9,2,2013-01-16,2013,0,98,441,30,7,2
"2030","2013-01-11",660,658,539,42,11,1,2013-01-11,2013,2,119,497,31,10,1
"2031","2012-12-11",578,578,522,40,11,3,2012-12-11,2012,0,56,482,29,8,3
"2032","2012-11-20",671,671,603,33,6,3,2012-11-20,2012,0,68,570,27,3,3
"2033","2012-11-29",515,515,458,30,6,0,2012-11-29,2012,0,57,428,24,6,0
"2034","2012-12-09",544,544,446,40,9,0,2012-12-09,2012,0,98,406,31,9,0
"2035","2012-11-18",446,446,401,34,7,2,2012-11-18,2012,0,45,367,27,5,2
"2036","2012-10-13",547,547,497,40,7,2,2012-10-13,2012,0,50,457,33,5,2
"2037","2012-10-27",524,524,474,32,7,3,2012-10-27,2012,0,50,442,25,4,3
"2038","2012-10-21",426,426,382,40,6,2,2012-10-21,2012,0,44,342,34,4,2
"2039","2012-11-06",514,514,457,31,6,1,2012-11-06,2012,0,57,426,25,5,1
"2040","2012-10-26",598,598,536,36,9,2,2012-10-26,2012,0,62,500,27,7,2
"2041","2012-09-22",547,547,480,41,8,1,2012-09-22,2012,0,67,439,33,7,1
"2042","2012-09-08",598,598,525,38,6,1,2012-09-08,2012,0,73,487,32,5,1
"2043","2012-09-09",464,464,406,36,9,2,2012-09-09,2012,0,58,370,27,7,2
"2044","2012-08-08",528,528,477,29,8,1,2012-08-08,2012,0,51,448,21,7,1
"2045","2017-07-14",707,704,622,38,13,6,2017-07-14,2017,3,82,584,25,7,6
"2046","2017-07-22",648,644,566,50,11,1,2017-07-22,2017,4,78,516,39,10,1
"2047","2017-04-27",688,686,608,44,7,4,2017-04-27,2017,2,78,564,37,3,4
"2048","2017-06-27",757,749,655,38,10,3,2017-06-27,2017,8,94,617,28,7,3
"2049","2017-06-29",767,767,693,41,10,2,2017-06-29,2017,0,74,652,31,8,2
"2050","2017-06-30",747,745,651,38,6,1,2017-06-30,2017,2,94,613,32,5,1
"2051","2017-06-19",819,817,702,47,7,1,2017-06-19,2017,2,115,655,40,6,1
"2052","2017-06-02",737,736,651,45,8,3,2017-06-02,2017,1,85,606,37,5,3
"2053","2017-04-26",630,629,535,21,5,0,2017-04-26,2017,1,94,514,16,5,0
"2054","2017-05-12",817,814,711,52,12,1,2017-05-12,2017,3,103,659,40,11,1
"2055","2017-03-26",456,452,366,32,12,1,2017-03-26,2017,4,86,334,20,11,1
"2056","2017-03-01",571,569,494,35,8,2,2017-03-01,2017,2,75,459,27,6,2
"2057","2017-02-26",462,460,391,40,7,4,2017-02-26,2017,2,69,351,33,3,4
"2058","2017-02-24",657,657,549,37,8,1,2017-02-24,2017,0,108,512,29,7,1
"2059","2017-02-16",652,651,557,41,4,2,2017-02-16,2017,1,94,516,37,2,2
"2060","2017-02-07",626,625,541,35,10,5,2017-02-07,2017,1,84,506,25,5,5
"2061","2017-02-05",429,427,373,40,10,2,2017-02-05,2017,2,54,333,30,8,2
"2062","2017-01-25",576,572,516,27,2,0,2017-01-25,2017,4,56,489,25,2,0
"2063","2022-09-06",336,336,256,38,8,3,2022-09-06,2022,0,80,218,30,5,3
"2064","2022-09-15",328,324,256,23,6,2,2022-09-15,2022,4,68,233,17,4,2
"2065","2022-09-01",299,297,232,32,4,1,2022-09-01,2022,2,65,200,28,3,1
"2066","2022-10-06",330,329,241,26,5,2,2022-10-06,2022,1,88,215,21,3,2
"2067","2022-10-10",208,206,156,12,1,0,2022-10-10,2022,2,50,144,11,1,0
"2068","2022-10-21",317,316,248,31,10,3,2022-10-21,2022,1,68,217,21,7,3
"2069","2022-10-31",213,212,173,20,0,0,2022-10-31,2022,1,39,153,20,0,0
"2070","2017-01-16",477,476,411,30,6,3,2017-01-16,2017,1,65,381,24,3,3
"2071","2017-01-01",485,482,375,44,13,5,2017-01-01,2017,3,107,331,31,8,5
"2072","2016-12-05",791,790,675,51,12,2,2016-12-05,2016,1,115,624,39,10,2
"2073","2016-11-07",699,696,610,43,9,2,2016-11-07,2016,3,86,567,34,7,2
"2074","2016-11-13",518,516,417,42,5,3,2016-11-13,2016,2,99,375,37,2,3
"2075","2016-11-21",684,682,583,42,9,2,2016-11-21,2016,2,99,541,33,7,2
"2076","2021-04-20",313,311,243,33,8,2,2021-04-20,2021,2,68,210,25,6,2
"2077","2021-09-14",342,340,261,30,5,1,2021-09-14,2021,2,79,231,25,4,1
"2078","2021-12-18",331,329,251,46,12,3,2021-12-18,2021,2,78,205,34,9,3
"2079","2021-09-15",356,355,283,28,9,3,2021-09-15,2021,1,72,255,19,6,3
"2080","2021-12-08",287,285,216,22,7,2,2021-12-08,2021,2,69,194,15,5,2
"2081","2022-04-19",256,254,192,28,8,2,2022-04-19,2022,2,62,164,20,6,2
"2082","2021-10-06",270,267,208,23,2,0,2021-10-06,2021,3,59,185,21,2,0
"2083","2021-06-24",384,384,315,35,11,3,2021-06-24,2021,0,69,280,24,8,3
"2084","2022-01-16",266,265,187,31,9,4,2022-01-16,2022,1,78,156,22,5,4
"2085","2022-01-27",271,269,202,31,7,7,2022-01-27,2022,2,67,171,24,0,7
"2086","2021-07-04",289,288,233,44,8,2,2021-07-04,2021,1,55,189,36,6,2
"2087","2021-08-09",339,337,250,26,5,1,2021-08-09,2021,2,87,224,21,4,1
"2088","2021-08-10",331,329,257,33,6,2,2021-08-10,2021,2,72,224,27,4,2
"2089","2021-08-17",286,285,229,35,6,3,2021-08-17,2021,1,56,194,29,3,3
"2090","2021-11-03",321,320,249,30,7,3,2021-11-03,2021,1,71,219,23,4,3
"2091","2021-08-27",349,349,281,32,9,3,2021-08-27,2021,0,68,249,23,6,3
"2092","2021-11-19",349,349,274,32,9,4,2021-11-19,2021,0,75,242,23,5,4
"2093","2022-02-10",300,300,227,24,6,3,2022-02-10,2022,0,73,203,18,3,3
"2094","2022-03-03",317,315,239,22,2,0,2022-03-03,2022,2,76,217,20,2,0
"2095","2022-03-23",271,271,197,23,10,3,2022-03-23,2022,0,74,174,13,7,3
"2096","2016-10-18",590,588,508,34,4,1,2016-10-18,2016,2,80,474,30,3,1
"2097","2016-09-20",619,618,542,39,9,3,2016-09-20,2016,1,76,503,30,6,3
"2098","2016-08-21",512,510,442,50,14,2,2016-08-21,2016,2,68,392,36,12,2
"2099","2016-09-02",697,695,592,50,12,5,2016-09-02,2016,2,103,542,38,7,5
"2100","2016-07-29",774,773,674,39,5,1,2016-07-29,2016,1,99,635,34,4,1
"2101","2016-07-13",607,605,531,38,6,0,2016-07-13,2016,2,74,493,32,6,0
"2102","2016-05-19",694,693,611,40,5,1,2016-05-19,2016,1,82,571,35,4,1
"2103","2016-05-10",608,607,521,36,9,4,2016-05-10,2016,1,86,485,27,5,4
"2104","2016-03-21",617,614,519,38,9,1,2016-03-21,2016,3,95,481,29,8,1
"2105","2016-04-08",696,692,612,50,9,1,2016-04-08,2016,4,80,562,41,8,1
"2106","2016-03-19",540,539,453,36,8,1,2016-03-19,2016,1,86,417,28,7,1
"2107","2016-03-17",612,610,517,39,4,2,2016-03-17,2016,2,93,478,35,2,2
"2108","2016-03-09",660,655,588,49,8,2,2016-03-09,2016,5,67,539,41,6,2
"2109","2016-03-10",629,628,551,37,12,4,2016-03-10,2016,1,77,514,25,8,4
"2110","2016-02-17",525,524,460,24,5,0,2016-02-17,2016,1,64,436,19,5,0
"2111","2016-01-03",432,430,373,31,13,5,2016-01-03,2016,2,57,342,18,8,5
"2112","2015-12-21",612,606,547,36,7,2,2015-12-21,2015,6,59,511,29,5,2
"2113","2015-11-08",472,469,417,46,10,6,2015-11-08,2015,3,52,371,36,4,6
"2114","2015-11-11",530,527,455,20,3,0,2015-11-11,2015,3,72,435,17,3,0
"2115","2015-10-09",764,761,674,51,13,2,2015-10-09,2015,3,87,623,38,11,2
"2116","2015-10-08",666,663,588,27,4,1,2015-10-08,2015,3,75,561,23,3,1
"2117","2022-04-25",254,254,201,22,6,2,2022-04-25,2022,0,53,179,16,4,2
"2118","2022-08-11",283,282,217,31,11,6,2022-08-11,2022,1,65,186,20,5,6
"2119","2021-02-25",269,268,204,25,6,3,2021-02-25,2021,1,64,179,19,3,3
"2120","2021-03-04",262,261,198,23,6,2,2021-03-04,2021,1,63,175,17,4,2
"2121","2021-03-24",268,265,190,23,8,3,2021-03-24,2021,3,75,167,15,5,3
"2122","2021-03-18",244,243,181,25,8,3,2021-03-18,2021,1,62,156,17,5,3
"2123","2021-01-24",212,212,170,34,7,2,2021-01-24,2021,0,42,136,27,5,2
"2124","2021-02-08",301,299,225,20,6,0,2021-02-08,2021,2,74,205,14,6,0
"2125","2020-12-14",250,250,184,19,3,2,2020-12-14,2020,0,66,165,16,1,2
"2126","2020-12-10",311,311,244,25,5,1,2020-12-10,2020,0,67,219,20,4,1
"2127","2021-01-11",238,238,187,26,8,3,2021-01-11,2021,0,51,161,18,5,3
"2128","2021-02-09",229,228,158,22,10,3,2021-02-09,2021,1,70,136,12,7,3
"2129","2020-11-23",298,295,218,32,8,4,2020-11-23,2020,3,77,186,24,4,4
"2130","2020-11-13",391,389,285,45,10,1,2020-11-13,2020,2,104,240,35,9,1
"2131","2020-09-10",347,345,268,41,5,2,2020-09-10,2020,2,77,227,36,3,2
"2132","2020-09-16",307,306,244,40,5,2,2020-09-16,2020,1,62,204,35,3,2
"2133","2020-09-24",297,295,243,31,10,2,2020-09-24,2020,2,52,212,21,8,2
"2134","2020-07-31",343,340,254,30,5,1,2020-07-31,2020,3,86,224,25,4,1
"2135","2020-07-26",313,312,241,50,14,4,2020-07-26,2020,1,71,191,36,10,4
"2136","2020-07-13",290,289,220,34,11,3,2020-07-13,2020,1,69,186,23,8,3
"2137","2020-06-11",251,250,193,21,5,1,2020-06-11,2020,1,57,172,16,4,1
"2138","2020-04-28",185,182,147,28,6,2,2020-04-28,2020,3,35,119,22,4,2
"2139","2015-09-09",740,739,677,54,6,1,2015-09-09,2015,1,62,623,48,5,1
"2140","2015-08-16",552,550,495,43,4,0,2015-08-16,2015,2,55,452,39,4,0
"2141","2015-07-31",753,749,675,44,9,1,2015-07-31,2015,4,74,631,35,8,1
"2142","2015-06-30",622,617,535,40,7,4,2015-06-30,2015,5,82,495,33,3,4
"2143","2015-05-27",697,693,617,40,4,4,2015-05-27,2015,4,76,577,36,0,4
"2144","2015-04-26",477,477,442,39,11,4,2015-04-26,2015,0,35,403,28,7,4
"2145","2015-05-13",655,654,592,45,11,0,2015-05-13,2015,1,62,547,34,11,0
"2146","2020-04-05",94,93,63,7,1,0,2020-04-05,2020,1,30,56,6,1,0
"2147","2020-03-28",183,182,129,17,4,3,2020-03-28,2020,1,53,112,13,1,3
"2148","2020-03-16",378,377,312,34,12,2,2020-03-16,2020,1,65,278,22,10,2
"2149","2020-02-11",458,456,378,28,10,3,2020-02-11,2020,2,78,350,18,7,3
"2150","2020-01-03",456,455,370,34,8,1,2020-01-03,2020,1,85,336,26,7,1
"2151","2019-12-28",355,355,298,30,4,1,2019-12-28,2019,0,57,268,26,3,1
"2152","2019-12-25",264,264,211,25,6,2,2019-12-25,2019,0,53,186,19,4,2
"2153","2020-01-13",476,474,389,30,9,3,2020-01-13,2020,2,85,359,21,6,3
"2154","2019-10-29",639,635,528,36,9,3,2019-10-29,2019,4,107,492,27,6,3
"2155","2019-10-07",575,572,501,37,7,1,2019-10-07,2019,3,71,464,30,6,1
"2156","2019-12-08",455,454,385,31,8,2,2019-12-08,2019,1,69,354,23,6,2
"2157","2019-10-24",613,611,529,38,9,5,2019-10-24,2019,2,82,491,29,4,5
"2158","2019-10-20",500,496,404,46,11,4,2019-10-20,2019,4,92,358,35,7,4
"2159","2019-10-17",608,606,493,44,16,4,2019-10-17,2019,2,113,449,28,12,4
"2160","2019-10-13",441,439,375,36,7,3,2019-10-13,2019,2,64,339,29,4,3
"2161","2019-10-09",383,381,318,25,4,0,2019-10-09,2019,2,63,293,21,4,0
"2162","2015-04-08",457,455,419,23,2,1,2015-04-08,2015,2,36,396,21,1,1
"2163","2015-03-07",578,578,523,34,11,2,2015-03-07,2015,0,55,489,23,9,2
"2164","2015-03-09",661,655,575,40,6,3,2015-03-09,2015,6,80,535,34,3,3
"2165","2015-03-20",570,566,493,35,5,0,2015-03-20,2015,4,73,458,30,5,0
"2166","2015-02-22",519,518,446,43,8,0,2015-02-22,2015,1,72,403,35,8,0
"2167","2015-01-30",622,620,550,38,6,0,2015-01-30,2015,2,70,512,32,6,0
"2168","2015-01-29",519,518,465,31,3,0,2015-01-29,2015,1,53,434,28,3,0
"2169","2015-01-10",481,480,404,32,9,1,2015-01-10,2015,1,76,372,23,8,1
"2170","2014-12-27",406,406,343,29,6,2,2014-12-27,2014,0,63,314,23,4,2
"2171","2014-12-16",645,644,523,31,6,4,2014-12-16,2014,1,121,492,25,2,4
"2172","2014-12-17",555,553,470,38,9,3,2014-12-17,2014,2,83,432,29,6,3
"2173","2014-11-22",512,510,449,40,5,2,2014-11-22,2014,2,61,409,35,3,2
"2174","2014-11-07",641,639,567,36,11,1,2014-11-07,2014,2,72,531,25,10,1
"2175","2014-11-06",652,652,565,31,3,1,2014-11-06,2014,0,87,534,28,2,1
"2176","2019-06-27",734,730,646,60,8,2,2019-06-27,2019,4,84,586,52,6,2
"2177","2019-06-30",569,569,476,52,13,4,2019-06-30,2019,0,93,424,39,9,4
"2178","2019-05-19",547,546,454,39,8,2,2019-05-19,2019,1,92,415,31,6,2
"2179","2019-06-11",682,678,582,51,12,3,2019-06-11,2019,4,96,531,39,9,3
"2180","2019-05-06",630,627,532,36,6,3,2019-05-06,2019,3,95,496,30,3,3
"2181","2019-05-13",613,611,516,36,5,1,2019-05-13,2019,2,95,480,31,4,1
"2182","2019-04-15",657,656,563,45,2,0,2019-04-15,2019,1,93,518,43,2,0
"2183","2019-04-26",500,498,413,26,7,1,2019-04-26,2019,2,85,387,19,6,1
"2184","2019-04-13",599,599,505,32,5,2,2019-04-13,2019,0,94,473,27,3,2
"2185","2019-04-27",526,525,435,48,9,3,2019-04-27,2019,1,90,387,39,6,3
"2186","2019-05-01",599,597,501,33,6,1,2019-05-01,2019,2,96,468,27,5,1
"2187","2019-03-17",419,417,338,42,10,1,2019-03-17,2019,2,79,296,32,9,1
"2188","2019-02-08",661,657,545,33,6,2,2019-02-08,2019,4,112,512,27,4,2
"2189","2014-10-04",531,529,456,42,11,5,2014-10-04,2014,2,73,414,31,6,5
"2190","2014-09-25",491,491,434,42,8,1,2014-09-25,2014,0,57,392,34,7,1
"2191","2014-09-03",580,579,520,35,10,3,2014-09-03,2014,1,59,485,25,7,3
"2192","2014-09-07",477,477,424,28,8,5,2014-09-07,2014,0,53,396,20,3,5
"2193","2014-08-28",618,616,543,31,5,0,2014-08-28,2014,2,73,512,26,5,0
"2194","2014-08-15",522,518,469,32,8,2,2014-08-15,2014,4,49,437,24,6,2
"2195","2014-07-13",439,439,398,33,10,1,2014-07-13,2014,0,41,365,23,9,1
"2196","2014-06-15",475,473,415,40,13,5,2014-06-15,2014,2,58,375,27,8,5
"2197","2014-06-04",582,581,534,25,4,0,2014-06-04,2014,1,47,509,21,4,0
"2198","2014-06-06",743,743,665,47,10,3,2014-06-06,2014,0,78,618,37,7,3
"2199","2014-05-30",650,649,579,40,8,3,2014-05-30,2014,1,70,539,32,5,3
"2200","2014-05-14",638,634,557,36,5,2,2014-05-14,2014,4,77,521,31,3,2
"2201","2014-02-24",569,569,503,22,6,1,2014-02-24,2014,0,66,481,16,5,1
"2202","2014-04-01",549,549,473,16,3,1,2014-04-01,2014,0,76,457,13,2,1
"2203","2019-01-21",412,411,340,22,7,2,2019-01-21,2019,1,71,318,15,5,2
"2204","2019-01-27",445,445,374,36,8,1,2019-01-27,2019,0,71,338,28,7,1
"2205","2019-01-16",579,578,497,26,8,2,2019-01-16,2019,1,81,471,18,6,2
"2206","2018-12-08",652,650,549,48,12,2,2018-12-08,2018,2,101,501,36,10,2
"2207","2018-12-26",514,509,433,32,4,2,2018-12-26,2018,5,76,401,28,2,2
"2208","2018-11-15",1065,1062,858,74,11,2,2018-11-15,2018,3,204,784,63,9,2
"2209","2018-09-22",562,560,473,48,12,4,2018-09-22,2018,2,87,425,36,8,4
"2210","2018-09-16",597,596,500,45,5,2,2018-09-16,2018,1,96,455,40,3,2
"2211","2018-08-13",617,616,516,31,7,1,2018-08-13,2018,1,100,485,24,6,1
"2212","2014-03-18",551,550,366,21,4,0,2014-03-18,2014,1,184,345,17,4,0
"2213","2014-02-13",447,447,373,22,7,1,2014-02-13,2014,0,74,351,15,6,1
"2214","2014-02-18",518,517,458,24,6,1,2014-02-18,2014,1,59,434,18,5,1
"2215","2014-02-21",545,545,449,30,6,2,2014-02-21,2014,0,96,419,24,4,2
"2216","2014-01-25",475,474,415,27,6,3,2014-01-25,2014,1,59,388,21,3,3
"2217","2014-01-10",667,664,571,45,7,0,2014-01-10,2014,3,93,526,38,7,0
"2218","2013-12-12",648,648,575,29,9,1,2013-12-12,2013,0,73,546,20,8,1
"2219","2014-01-01",399,398,341,34,6,2,2014-01-01,2014,1,57,307,28,4,2
"2220","2013-11-11",456,455,409,38,11,4,2013-11-11,2013,1,46,371,27,7,4
"2221","2013-12-05",573,573,488,35,5,1,2013-12-05,2013,0,85,453,30,4,1
"2222","2013-08-25",459,459,404,32,4,0,2013-08-25,2013,0,55,372,28,4,0
"2223","2013-10-08",574,571,510,23,1,0,2013-10-08,2013,3,61,487,22,1,0
"2224","2018-07-30",580,577,488,42,11,1,2018-07-30,2018,3,89,446,31,10,1
"2225","2018-07-24",654,653,575,31,7,1,2018-07-24,2018,1,78,544,24,6,1
"2226","2018-06-17",627,626,542,63,12,5,2018-06-17,2018,1,84,479,51,7,5
"2227","2018-06-26",762,760,651,42,8,3,2018-06-26,2018,2,109,609,34,5,3
"2228","2018-05-23",729,726,642,53,12,5,2018-05-23,2018,3,84,589,41,7,5
"2229","2018-05-07",695,693,601,48,7,2,2018-05-07,2018,2,92,553,41,5,2
"2230","2018-05-04",723,720,634,41,6,1,2018-05-04,2018,3,86,593,35,5,1
"2231","2017-11-30",663,660,565,31,6,1,2017-11-30,2017,3,95,534,25,5,1
"2232","2018-03-31",589,587,517,54,13,3,2018-03-31,2018,2,70,463,41,10,3
"2233","2018-04-04",554,553,473,36,12,3,2018-04-04,2018,1,80,437,24,9,3
"2234","2018-04-18",662,659,594,39,12,3,2018-04-18,2018,3,65,555,27,9,3
"2235","2018-03-02",884,878,665,51,12,2,2018-03-02,2018,6,213,614,39,10,2
"2236","2018-03-07",517,514,395,20,6,0,2018-03-07,2018,3,119,375,14,6,0
"2237","2018-03-20",597,594,506,33,6,1,2018-03-20,2018,3,88,473,27,5,1
"2238","2018-02-17",604,602,480,29,7,1,2018-02-17,2018,2,122,451,22,6,1
"2239","2013-09-06",524,519,467,35,9,4,2013-09-06,2013,5,52,432,26,5,4
"2240","2013-08-24",527,527,477,38,12,3,2013-08-24,2013,0,50,439,26,9,3
"2241","2013-08-01",643,643,567,42,6,0,2013-08-01,2013,0,76,525,36,6,0
"2242","2013-07-28",485,485,421,39,12,1,2013-07-28,2013,0,64,382,27,11,1
"2243","2013-06-28",608,605,544,43,6,0,2013-06-28,2013,3,61,501,37,6,0
"2244","2013-06-22",599,599,547,50,10,1,2013-06-22,2013,0,52,497,40,9,1
"2245","2013-05-21",697,697,618,38,7,1,2013-05-21,2013,0,79,580,31,6,1
"2246","2013-05-28",686,684,623,33,9,1,2013-05-28,2013,2,61,590,24,8,1
"2247","2013-04-30",576,575,528,29,3,0,2013-04-30,2013,1,47,499,26,3,0
"2248","2013-04-16",564,564,512,40,10,3,2013-04-16,2013,0,52,472,30,7,3
"2249","2013-04-21",471,471,420,35,6,1,2013-04-21,2013,0,51,385,29,5,1
"2250","2013-03-23",488,488,435,31,8,1,2013-03-23,2013,0,53,404,23,7,1
"2251","2013-03-19",559,559,480,28,2,0,2013-03-19,2013,0,79,452,26,2,0
"2252","2013-04-01",479,479,424,29,7,3,2013-04-01,2013,0,55,395,22,4,3
"2253","2013-03-15",607,606,559,37,5,2,2013-03-15,2013,1,47,522,32,3,2
"2254","2013-03-06",475,474,406,18,7,3,2013-03-06,2013,1,68,388,11,4,3
"2255","2018-01-14",494,491,398,42,11,2,2018-01-14,2018,3,93,356,31,9,2
"2256","2017-12-17",547,545,449,49,10,6,2017-12-17,2017,2,96,400,39,4,6
"2257","2017-12-09",538,535,433,32,9,3,2017-12-09,2017,3,102,401,23,6,3
"2258","2017-12-03",448,447,371,26,4,0,2017-12-03,2017,1,76,345,22,4,0
"2259","2017-11-27",635,633,555,33,7,1,2017-11-27,2017,2,78,522,26,6,1
"2260","2017-10-17",736,733,622,40,5,2,2017-10-17,2017,3,111,582,35,3,2
"2261","2017-11-07",710,703,571,34,5,1,2017-11-07,2017,7,132,537,29,4,1
"2262","2017-09-15",827,823,703,51,9,3,2017-09-15,2017,4,120,652,42,6,3
"2263","2017-08-31",618,616,534,31,5,0,2017-08-31,2017,2,82,503,26,5,0
"2264","2017-08-05",573,572,485,39,8,5,2017-08-05,2017,1,87,446,31,3,5
"2265","2017-08-07",606,604,523,45,10,2,2017-08-07,2017,2,81,478,35,8,2
"2266","2017-08-11",655,651,574,36,9,0,2017-08-11,2017,4,77,538,27,9,0
"2267","2017-08-08",631,629,555,36,5,2,2017-08-08,2017,2,74,519,31,3,2
"2268","2017-07-05",706,705,611,52,11,3,2017-07-05,2017,1,94,559,41,8,3
"2269","2017-07-21",733,733,645,43,9,4,2017-07-21,2017,0,88,602,34,5,4
"2270","2013-02-16",449,449,407,31,7,3,2013-02-16,2013,0,42,376,24,4,3
"2271","2013-01-08",513,513,463,32,8,1,2013-01-08,2013,0,50,431,24,7,1
"2272","2013-02-09",403,403,349,29,7,3,2013-02-09,2013,0,54,320,22,4,3
"2273","2013-01-09",487,487,430,27,10,1,2013-01-09,2013,0,57,403,17,9,1
"2274","2012-12-02",455,455,395,40,11,3,2012-12-02,2012,0,60,355,29,8,3
"2275","2012-11-09",688,688,604,27,8,1,2012-11-09,2012,0,84,577,19,7,1
"2276","2012-09-18",556,556,427,34,10,3,2012-09-18,2012,0,129,393,24,7,3
"2277","2012-11-07",718,718,607,36,4,0,2012-11-07,2012,0,111,571,32,4,0
"2278","2012-08-21",482,482,444,34,6,3,2012-08-21,2012,0,38,410,28,3,3
"2279","2017-07-17",639,638,550,43,6,3,2017-07-17,2017,1,88,507,37,3,3
"2280","2017-06-23",793,791,710,41,12,3,2017-06-23,2017,2,81,669,29,9,3
"2281","2017-05-21",618,617,533,53,10,6,2017-05-21,2017,1,84,480,43,4,6
"2282","2017-04-13",590,589,511,33,8,3,2017-04-13,2017,1,78,478,25,5,3
"2283","2017-04-18",516,515,455,28,4,1,2017-04-18,2017,1,60,427,24,3,1
"2284","2017-01-26",563,561,475,36,7,3,2017-01-26,2017,2,86,439,29,4,3
"2285","2017-01-17",657,655,540,35,6,1,2017-01-17,2017,2,115,505,29,5,1
"2286","2012-07-29",376,376,339,27,9,2,2012-07-29,2012,0,37,312,18,7,2
"2287","2022-08-28",281,280,221,29,6,1,2022-08-28,2022,1,59,192,23,5,1
"2288","2022-10-11",274,274,206,16,6,2,2022-10-11,2022,0,68,190,10,4,2
"2289","2022-10-20",287,286,230,19,5,2,2022-10-20,2022,1,56,211,14,3,2
"2290","2017-01-02",449,447,356,28,5,3,2017-01-02,2017,2,91,328,23,2,3
"2291","2017-01-22",411,409,332,33,13,3,2017-01-22,2017,2,77,299,20,10,3
"2292","2016-12-29",542,539,462,38,4,0,2016-12-29,2016,3,77,424,34,4,0
"2293","2017-01-04",590,589,489,43,8,1,2017-01-04,2017,1,100,446,35,7,1
"2294","2016-12-16",792,792,689,60,11,6,2016-12-16,2016,0,103,629,49,5,6
"2295","2016-12-22",700,698,602,40,12,3,2016-12-22,2016,2,96,562,28,9,3
"2296","2016-11-15",741,738,618,49,10,2,2016-11-15,2016,3,120,569,39,8,2
"2297","2016-11-28",647,644,567,40,6,1,2016-11-28,2016,3,77,527,34,5,1
"2298","2016-11-29",752,746,602,40,3,0,2016-11-29,2016,6,144,562,37,3,0
"2299","2016-11-18",776,775,682,64,13,2,2016-11-18,2016,1,93,618,51,11,2
"2300","2016-11-04",777,777,673,50,7,2,2016-11-04,2016,0,104,623,43,5,2
"2301","2016-11-03",689,687,594,32,4,3,2016-11-03,2016,2,93,562,28,1,3
"2302","2016-09-30",872,867,742,44,9,2,2016-09-30,2016,5,125,698,35,7,2
"2303","2021-09-12",321,318,246,43,14,7,2021-09-12,2021,3,72,203,29,7,7
"2304","2021-04-23",357,357,277,26,8,2,2021-04-23,2021,0,80,251,18,6,2
"2305","2022-03-28",299,297,227,31,8,5,2022-03-28,2022,2,70,196,23,3,5
"2306","2021-05-06",339,337,267,31,10,1,2021-05-06,2021,2,70,236,21,9,1
"2307","2021-05-08",305,302,238,38,11,5,2021-05-08,2021,3,64,200,27,6,5
"2308","2021-05-11",326,326,250,35,11,2,2021-05-11,2021,0,76,215,24,9,2
"2309","2021-05-18",374,372,299,45,18,6,2021-05-18,2021,2,73,254,27,12,6
"2310","2021-09-27",325,321,253,27,8,1,2021-09-27,2021,4,68,226,19,7,1
"2311","2021-05-20",385,384,307,37,6,2,2021-05-20,2021,1,77,270,31,4,2
"2312","2021-05-19",347,345,270,27,8,2,2021-05-19,2021,2,75,243,19,6,2
"2313","2021-12-22",278,275,207,27,2,1,2021-12-22,2021,3,68,180,25,1,1
"2314","2021-10-04",290,287,202,16,5,0,2021-10-04,2021,3,85,186,11,5,0
"2315","2021-06-12",327,327,273,51,12,4,2021-06-12,2021,0,54,222,39,8,4
"2316","2022-01-06",232,230,185,23,2,2,2022-01-06,2022,2,45,162,21,0,2
"2317","2021-07-02",333,333,246,24,4,1,2021-07-02,2021,0,87,222,20,3,1
"2318","2022-09-27",224,223,177,19,2,1,2022-09-27,2022,1,46,158,17,1,1
"2319","2021-07-06",326,323,236,25,12,1,2021-07-06,2021,3,87,211,13,11,1
"2320","2021-07-09",346,343,248,17,5,0,2021-07-09,2021,3,95,231,12,5,0
"2321","2021-08-05",304,303,242,36,9,2,2021-08-05,2021,1,61,206,27,7,2
"2322","2021-08-07",334,333,256,41,16,7,2021-08-07,2021,1,77,215,25,9,7
"2323","2021-08-18",334,331,250,22,4,0,2021-08-18,2021,3,81,228,18,4,0
"2324","2022-01-29",276,275,187,17,8,3,2022-01-29,2022,1,88,170,9,5,3
"2325","2021-09-10",352,352,283,27,9,5,2021-09-10,2021,0,69,256,18,4,5
"2326","2022-02-05",294,290,239,38,10,3,2022-02-05,2022,4,51,201,28,7,3
"2327","2022-04-21",237,236,178,26,4,1,2022-04-21,2022,1,58,152,22,3,1
"2328","2021-11-30",282,282,222,24,10,5,2021-11-30,2021,0,60,198,14,5,5
"2329","2021-12-04",278,276,210,28,6,1,2021-12-04,2021,2,66,182,22,5,1
"2330","2022-07-16",276,274,205,24,8,0,2022-07-16,2022,2,69,181,16,8,0
"2331","2016-09-08",717,715,646,45,9,2,2016-09-08,2016,2,69,601,36,7,2
"2332","2016-08-13",614,612,524,50,11,2,2016-08-13,2016,2,88,474,39,9,2
"2333","2016-04-20",697,695,600,50,7,3,2016-04-20,2016,2,95,550,43,4,3
"2334","2016-05-01",484,483,408,40,8,2,2016-05-01,2016,1,75,368,32,6,2
"2335","2016-05-07",571,569,487,26,9,3,2016-05-07,2016,2,82,461,17,6,3
"2336","2016-04-16",679,678,574,44,14,4,2016-04-16,2016,1,104,530,30,10,4
"2337","2016-01-17",451,450,374,41,8,4,2016-01-17,2016,1,76,333,33,4,4
"2338","2015-11-01",312,309,255,35,10,3,2015-11-01,2015,3,54,220,25,7,3
"2339","2022-05-18",336,334,266,28,8,0,2022-05-18,2022,2,68,238,20,8,0
"2340","2022-05-23",333,332,266,27,7,1,2022-05-23,2022,1,66,239,20,6,1
"2341","2022-07-29",309,307,232,36,15,1,2022-07-29,2022,2,75,196,21,14,1
"2342","2022-08-02",291,288,223,21,6,2,2022-08-02,2022,3,65,202,15,4,2
"2343","2022-08-10",260,257,206,26,3,0,2022-08-10,2022,3,51,180,23,3,0
"2344","2020-12-17",232,230,157,14,2,1,2020-12-17,2020,2,73,143,12,1,1
"2345","2021-03-09",299,297,237,33,13,2,2021-03-09,2021,2,60,204,20,11,2
"2346","2021-01-06",220,219,167,22,4,0,2021-01-06,2021,1,52,145,18,4,0
"2347","2020-12-07",281,280,203,23,6,2,2020-12-07,2020,1,77,180,17,4,2
"2348","2020-11-30",301,299,209,31,3,2,2020-11-30,2020,2,90,178,28,1,2
"2349","2020-11-12",327,323,230,26,11,2,2020-11-12,2020,4,93,204,15,9,2
"2350","2020-10-15",311,311,250,33,10,2,2020-10-15,2020,0,61,217,23,8,2
"2351","2020-09-30",347,346,272,40,10,1,2020-09-30,2020,1,74,232,30,9,1
"2352","2020-09-29",317,315,258,34,7,1,2020-09-29,2020,2,57,224,27,6,1
"2353","2020-09-27",315,312,237,47,17,7,2020-09-27,2020,3,75,190,30,10,7
"2354","2020-07-02",340,339,272,36,7,2,2020-07-02,2020,1,67,236,29,5,2
"2355","2020-07-08",267,267,207,25,9,1,2020-07-08,2020,0,60,182,16,8,1
"2356","2015-09-23",501,499,440,45,6,0,2015-09-23,2015,2,59,395,39,6,0
"2357","2015-08-06",630,625,527,39,4,3,2015-08-06,2015,5,98,488,35,1,3
"2358","2015-06-27",595,594,539,41,8,2,2015-06-27,2015,1,55,498,33,6,2
"2359","2015-06-03",658,655,572,43,9,4,2015-06-03,2015,3,83,529,34,5,4
"2360","2015-04-23",612,609,546,51,13,3,2015-04-23,2015,3,63,495,38,10,3
"2361","2015-04-30",640,636,561,45,8,5,2015-04-30,2015,4,75,516,37,3,5
"2362","2015-05-10",549,548,495,52,11,0,2015-05-10,2015,1,53,443,41,11,0
"2363","2020-05-03",167,166,118,18,2,0,2020-05-03,2020,1,48,100,16,2,0
"2364","2020-02-20",448,447,390,32,8,4,2020-02-20,2020,1,57,358,24,4,4
"2365","2020-03-04",540,538,458,39,6,1,2020-03-04,2020,2,80,419,33,5,1
"2366","2020-01-22",489,489,411,33,9,1,2020-01-22,2020,0,78,378,24,8,1
"2367","2020-01-24",524,522,442,38,10,3,2020-01-24,2020,2,80,404,28,7,3
"2368","2019-12-26",414,409,334,22,4,2,2019-12-26,2019,5,75,312,18,2,2
"2369","2019-11-22",633,632,527,43,11,4,2019-11-22,2019,1,105,484,32,7,4
"2370","2019-11-04",623,623,523,42,15,3,2019-11-04,2019,0,100,481,27,12,3
"2371","2019-10-19",586,584,503,42,10,5,2019-10-19,2019,2,81,461,32,5,5
"2372","2019-11-01",782,778,635,42,5,0,2019-11-01,2019,4,143,593,37,5,0
"2373","2019-09-24",628,625,531,37,10,1,2019-09-24,2019,3,94,494,27,9,1
"2374","2019-10-10",615,613,534,33,7,2,2019-10-10,2019,2,79,501,26,5,2
"2375","2019-10-11",606,605,524,36,13,2,2019-10-11,2019,1,81,488,23,11,2
"2376","2019-08-23",569,569,479,39,6,2,2019-08-23,2019,0,90,440,33,4,2
"2377","2019-08-27",529,528,443,34,5,0,2019-08-27,2019,1,85,409,29,5,0
"2378","2019-09-08",462,459,383,40,10,4,2019-09-08,2019,3,76,343,30,6,4
"2379","2015-04-15",595,591,506,29,5,2,2015-04-15,2015,4,85,477,24,3,2
"2380","2015-04-07",452,452,397,29,13,3,2015-04-07,2015,0,55,368,16,10,3
"2381","2015-04-04",507,505,436,37,5,0,2015-04-04,2015,2,69,399,32,5,0
"2382","2015-03-15",459,458,401,28,5,1,2015-03-15,2015,1,57,373,23,4,1
"2383","2015-02-15",454,454,383,28,5,2,2015-02-15,2015,0,71,355,23,3,2
"2384","2015-02-13",757,755,661,35,6,1,2015-02-13,2015,2,94,626,29,5,1
"2385","2014-12-23",732,732,631,49,7,0,2014-12-23,2014,0,101,582,42,7,0
"2386","2014-12-21",409,409,364,25,4,1,2014-12-21,2014,0,45,339,21,3,1
"2387","2014-11-11",493,493,436,35,5,2,2014-11-11,2014,0,57,401,30,3,2
"2388","2014-10-11",546,543,487,31,10,2,2014-10-11,2014,3,56,456,21,8,2
"2389","2019-09-09",603,601,520,32,6,1,2019-09-09,2019,2,81,488,26,5,1
"2390","2019-08-04",499,498,407,49,18,12,2019-08-04,2019,1,91,358,31,6,12
"2391","2019-08-14",537,534,454,39,5,2,2019-08-14,2019,3,80,415,34,3,2
"2392","2019-07-14",497,496,425,49,9,4,2019-07-14,2019,1,71,376,40,5,4
"2393","2019-07-11",658,655,566,34,9,0,2019-07-11,2019,3,89,532,25,9,0
"2394","2019-07-20",586,584,495,70,11,5,2019-07-20,2019,2,89,425,59,6,5
"2395","2019-07-17",630,630,546,45,5,0,2019-07-17,2019,0,84,501,40,5,0
"2396","2019-05-26",510,509,429,42,13,1,2019-05-26,2019,1,80,387,29,12,1
"2397","2019-06-03",659,658,579,43,5,1,2019-06-03,2019,1,79,536,38,4,1
"2398","2019-06-15",620,620,517,48,7,2,2019-06-15,2019,0,103,469,41,5,2
"2399","2019-06-18",721,718,619,47,9,3,2019-06-18,2019,3,99,572,38,6,3
"2400","2019-05-11",637,635,523,43,12,4,2019-05-11,2019,2,112,480,31,8,4
"2401","2019-04-03",613,611,524,52,10,2,2019-04-03,2019,2,87,472,42,8,2
"2402","2019-04-23",592,590,508,42,5,2,2019-04-23,2019,2,82,466,37,3,2
"2403","2019-03-23",530,529,452,39,6,4,2019-03-23,2019,1,77,413,33,2,4
"2404","2019-03-21",624,621,515,35,4,1,2019-03-21,2019,3,106,480,31,3,1
"2405","2019-02-17",439,439,368,36,10,5,2019-02-17,2019,0,71,332,26,5,5
"2406","2019-02-12",687,686,539,45,9,1,2019-02-12,2019,1,147,494,36,8,1
"2407","2019-02-04",651,645,547,39,6,3,2019-02-04,2019,6,98,508,33,3,3
"2408","2014-09-29",566,565,502,29,6,1,2014-09-29,2014,1,63,473,23,5,1
"2409","2014-08-19",516,512,466,36,6,1,2014-08-19,2014,4,46,430,30,5,1
"2410","2014-08-23",454,452,402,41,6,0,2014-08-23,2014,2,50,361,35,6,0
"2411","2014-08-01",667,664,594,42,10,3,2014-08-01,2014,3,70,552,32,7,3
"2412","2014-07-14",567,565,486,29,6,1,2014-07-14,2014,2,79,457,23,5,1
"2413","2014-06-24",632,631,569,34,9,3,2014-06-24,2014,1,62,535,25,6,3
"2414","2014-06-26",670,670,589,43,10,3,2014-06-26,2014,0,81,546,33,7,3
"2415","2019-01-18",596,591,501,36,4,0,2019-01-18,2019,5,90,465,32,4,0
"2416","2019-01-04",598,596,507,35,9,2,2019-01-04,2019,2,89,472,26,7,2
"2417","2019-01-05",455,451,352,25,5,1,2019-01-05,2019,4,99,327,20,4,1
"2418","2018-12-09",465,462,379,32,9,2,2018-12-09,2018,3,83,347,23,7,2
"2419","2018-12-21",782,777,625,44,4,2,2018-12-21,2018,5,152,581,40,2,2
"2420","2018-12-01",601,600,495,36,9,1,2018-12-01,2018,1,105,459,27,8,1
"2421","2018-11-08",631,628,543,38,3,2,2018-11-08,2018,3,85,505,35,1,2
"2422","2018-09-04",786,781,670,42,3,1,2018-09-04,2018,5,111,628,39,2,1
"2423","2018-09-21",715,715,631,46,8,2,2018-09-21,2018,0,84,585,38,6,2
"2424","2018-09-06",822,822,710,54,12,4,2018-09-06,2018,0,112,656,42,8,4
"2425","2018-08-16",647,645,561,35,4,0,2018-08-16,2018,2,84,526,31,4,0
"2426","2018-08-23",610,607,531,45,12,2,2018-08-23,2018,3,76,486,33,10,2
"2427","2014-03-16",412,412,219,16,3,0,2014-03-16,2014,0,193,203,13,3,0
"2428","2013-12-25",257,257,226,30,8,3,2013-12-25,2013,0,31,196,22,5,3
"2429","2013-12-27",476,475,415,26,5,2,2013-12-27,2013,1,60,389,21,3,2
"2430","2013-11-24",494,494,422,36,6,4,2013-11-24,2013,0,72,386,30,2,4
"2431","2013-11-26",867,867,730,52,10,2,2013-11-26,2013,0,137,678,42,8,2
"2432","2013-10-23",558,558,504,42,9,2,2013-10-23,2013,0,54,462,33,7,2
"2433","2013-10-16",548,545,488,29,8,2,2013-10-16,2013,3,57,459,21,6,2
"2434","2018-07-08",545,543,456,41,8,2,2018-07-08,2018,2,87,415,33,6,2
"2435","2018-07-03",678,677,589,39,12,2,2018-07-03,2018,1,88,550,27,10,2
"2436","2018-06-10",533,532,443,41,10,4,2018-06-10,2018,1,89,402,31,6,4
"2437","2018-06-08",757,756,665,44,7,1,2018-06-08,2018,1,91,621,37,6,1
"2438","2018-04-28",604,604,516,48,11,4,2018-04-28,2018,0,88,468,37,7,4
"2439","2018-05-02",792,789,662,34,6,2,2018-05-02,2018,3,127,628,28,4,2
"2440","2018-04-25",626,625,543,37,7,0,2018-04-25,2018,1,82,506,30,7,0
"2441","2018-04-12",610,609,531,28,4,1,2018-04-12,2018,1,78,503,24,3,1
"2442","2018-03-27",627,625,558,25,5,2,2018-03-27,2018,2,67,533,20,3,2
"2443","2018-03-05",616,616,529,29,4,2,2018-03-05,2018,0,87,500,25,2,2
"2444","2018-03-14",652,648,570,28,7,4,2018-03-14,2018,4,78,542,21,3,4
"2445","2018-02-12",543,543,455,36,8,1,2018-02-12,2018,0,88,419,28,7,1
"2446","2018-01-28",412,411,349,41,10,3,2018-01-28,2018,1,62,308,31,7,3
"2447","2013-08-12",519,517,458,31,5,1,2013-08-12,2013,2,59,427,26,4,1
"2448","2013-08-18",442,441,405,39,7,3,2013-08-18,2013,1,36,366,32,4,3
"2449","2013-08-21",562,562,504,33,4,0,2013-08-21,2013,0,58,471,29,4,0
"2450","2013-07-15",581,580,507,36,7,3,2013-07-15,2013,1,73,471,29,4,3
"2451","2013-06-26",621,621,556,31,5,1,2013-06-26,2013,0,65,525,26,4,1
"2452","2013-05-27",420,420,389,39,7,2,2013-05-27,2013,0,31,350,32,5,2
"2453","2013-05-09",602,601,534,39,11,4,2013-05-09,2013,1,67,495,28,7,4
"2454","2013-03-20",540,540,482,35,15,4,2013-03-20,2013,0,58,447,20,11,4
"2455","2018-01-08",720,719,602,40,8,5,2018-01-08,2018,1,117,562,32,3,5
"2456","2017-12-28",609,606,527,28,3,0,2017-12-28,2017,3,79,499,25,3,0
"2457","2017-12-15",999,997,873,72,12,4,2017-12-15,2017,2,124,801,60,8,4
"2458","2017-11-10",724,720,616,38,11,4,2017-11-10,2017,4,104,578,27,7,4
"2459","2017-12-01",772,771,652,48,7,2,2017-12-01,2017,1,119,604,41,5,2
"2460","2017-11-17",814,813,701,53,10,0,2017-11-17,2017,1,112,648,43,10,0
"2461","2017-10-25",648,646,565,32,8,2,2017-10-25,2017,2,81,533,24,6,2
"2462","2017-10-08",521,521,452,47,10,4,2017-10-08,2017,0,69,405,37,6,4
"2463","2017-09-21",535,535,465,30,9,1,2017-09-21,2017,0,70,435,21,8,1
"2464","2017-09-18",672,669,586,31,9,3,2017-09-18,2017,3,83,555,22,6,3
"2465","2017-09-10",533,532,455,46,13,4,2017-09-10,2017,1,77,409,33,9,4
"2466","2017-07-30",606,605,531,57,9,0,2017-07-30,2017,1,74,474,48,9,0
"2467","2017-07-11",638,638,555,42,4,1,2017-07-11,2017,0,83,513,38,3,1
"2468","2013-03-12",547,547,468,33,8,2,2013-03-12,2013,0,79,435,25,6,2
"2469","2013-02-05",566,566,488,25,7,2,2013-02-05,2013,0,78,463,18,5,2
"2470","2013-01-14",542,542,477,35,4,0,2013-01-14,2013,0,65,442,31,4,0
"2471","2012-12-21",751,751,638,63,17,6,2012-12-21,2012,0,113,575,46,11,6
"2472","2012-12-06",620,620,568,42,12,2,2012-12-06,2012,0,52,526,30,10,2
"2473","2012-11-03",307,307,277,14,1,0,2012-11-03,2012,0,30,263,13,1,0
"2474","2012-08-18",540,540,482,32,5,0,2012-08-18,2012,0,58,450,27,5,0
"2475","2012-08-15",602,602,549,48,8,1,2012-08-15,2012,0,53,501,40,7,1
"2476","2012-07-22",498,498,442,43,7,1,2012-07-22,2012,0,56,399,36,6,1
"2477","2017-07-19",747,746,665,38,6,2,2017-07-19,2017,1,81,627,32,4,2
"2478","2017-07-04",424,422,357,33,5,3,2017-07-04,2017,2,65,324,28,2,3
"2479","2017-07-03",617,615,529,45,7,1,2017-07-03,2017,2,86,484,38,6,1
"2480","2017-05-11",686,683,593,43,7,0,2017-05-11,2017,3,90,550,36,7,0
"2481","2017-06-17",654,652,571,50,16,3,2017-06-17,2017,2,81,521,34,13,3
"2482","2017-06-21",744,744,656,38,8,3,2017-06-21,2017,0,88,618,30,5,3
"2483","2017-06-12",804,803,705,48,11,3,2017-06-12,2017,1,98,657,37,8,3
"2484","2017-06-06",660,660,593,42,6,2,2017-06-06,2017,0,67,551,36,4,2
"2485","2017-04-29",661,657,558,49,15,4,2017-04-29,2017,4,99,509,34,11,4
"2486","2017-04-23",517,514,442,34,11,4,2017-04-23,2017,3,72,408,23,7,4
"2487","2017-04-20",632,632,550,36,12,3,2017-04-20,2017,0,82,514,24,9,3
"2488","2017-04-19",580,580,506,38,8,5,2017-04-19,2017,0,74,468,30,3,5
"2489","2017-04-01",591,591,518,38,7,0,2017-04-01,2017,0,73,480,31,7,0
"2490","2017-03-27",629,625,535,30,7,2,2017-03-27,2017,4,90,505,23,5,2
"2491","2017-03-24",654,654,553,31,9,2,2017-03-24,2017,0,101,522,22,7,2
"2492","2017-03-21",636,636,547,30,2,1,2017-03-21,2017,0,89,517,28,1,1
"2493","2017-03-08",609,609,522,38,7,1,2017-03-08,2017,0,87,484,31,6,1
"2494","2017-03-03",745,745,644,35,8,3,2017-03-03,2017,0,101,609,27,5,3
"2495","2017-02-20",428,428,367,25,5,0,2017-02-20,2017,0,61,342,20,5,0
"2496","2017-02-18",570,569,493,43,10,3,2017-02-18,2017,1,76,450,33,7,3
"2497","2016-12-21",676,676,601,41,8,3,2016-12-21,2016,0,75,560,33,5,3
"2498","2017-01-10",597,595,505,40,6,1,2017-01-10,2017,2,90,465,34,5,1
"2499","2012-07-18",559,559,505,36,5,1,2012-07-18,2012,0,54,469,31,4,1
"2500","2012-07-04",432,432,380,35,16,3,2012-07-04,2012,0,52,345,19,13,3
"2501","2022-09-14",306,304,237,22,5,2,2022-09-14,2022,2,67,215,17,3,2
"2502","2022-09-20",284,281,219,27,4,0,2022-09-20,2022,3,62,192,23,4,0
"2503","2021-11-23",340,340,266,27,6,3,2021-11-23,2021,0,74,239,21,3,3
"2504","2022-09-24",286,286,219,32,7,3,2022-09-24,2022,0,67,187,25,4,3
"2505","2022-10-04",265,264,190,22,5,1,2022-10-04,2022,1,74,168,17,4,1
"2506","2022-10-30",236,236,180,39,16,4,2022-10-30,2022,0,56,141,23,12,4
"2507","2017-01-13",604,602,518,39,5,0,2017-01-13,2017,2,84,479,34,5,0
"2508","2016-12-18",521,519,440,44,13,5,2016-12-18,2016,2,79,396,31,8,5
"2509","2016-12-20",719,718,615,46,5,2,2016-12-20,2016,1,103,569,41,3,2
"2510","2016-11-12",603,601,524,40,10,1,2016-11-12,2016,2,77,484,30,9,1
"2511","2016-11-06",532,531,461,41,10,3,2016-11-06,2016,1,70,420,31,7,3
"2512","2021-04-14",295,295,237,31,11,1,2021-04-14,2021,0,58,206,20,10,1
"2513","2021-07-07",324,322,260,31,5,1,2021-07-07,2021,2,62,229,26,4,1
"2514","2021-09-11",333,332,265,46,14,4,2021-09-11,2021,1,67,219,32,10,4
"2515","2021-09-16",269,269,207,23,8,2,2021-09-16,2021,0,62,184,15,6,2
"2516","2021-05-16",337,334,265,47,17,6,2021-05-16,2021,3,69,218,30,11,6
"2517","2021-09-28",296,292,224,24,10,4,2021-09-28,2021,4,68,200,14,6,4
"2518","2022-06-30",321,321,256,20,4,0,2022-06-30,2022,0,65,236,16,4,0
"2519","2021-09-30",344,343,279,27,4,1,2021-09-30,2021,1,64,252,23,3,1
"2520","2021-10-05",318,313,240,26,7,4,2021-10-05,2021,5,73,214,19,3,4
"2521","2021-09-20",317,316,256,22,6,1,2021-09-20,2021,1,60,234,16,5,1
"2522","2022-01-01",283,280,193,40,15,3,2022-01-01,2022,3,87,153,25,12,3
"2523","2021-06-20",323,323,271,38,12,1,2021-06-20,2021,0,52,233,26,11,1
"2524","2021-06-25",381,380,294,46,11,3,2021-06-25,2021,1,86,248,35,8,3
"2525","2022-04-02",276,275,213,42,11,4,2022-04-02,2022,1,62,171,31,7,4
"2526","2022-04-06",253,246,182,22,8,4,2022-04-06,2022,7,64,160,14,4,4
"2527","2021-06-28",379,378,308,36,14,4,2021-06-28,2021,1,70,272,22,10,4
"2528","2021-07-14",331,329,256,34,8,3,2021-07-14,2021,2,73,222,26,5,3
"2529","2021-07-18",310,308,237,29,4,2,2021-07-18,2021,2,71,208,25,2,2
"2530","2021-07-19",328,328,255,28,8,2,2021-07-19,2021,0,73,227,20,6,2
"2531","2022-04-12",312,310,260,22,6,2,2022-04-12,2022,2,50,238,16,4,2
"2532","2022-07-07",284,279,219,23,8,4,2022-07-07,2022,5,60,196,15,4,4
"2533","2021-08-12",324,324,265,37,8,1,2021-08-12,2021,0,59,228,29,7,1
"2534","2021-08-24",332,331,266,31,7,1,2021-08-24,2021,1,65,235,24,6,1
"2535","2021-09-02",365,363,274,43,12,3,2021-09-02,2021,2,89,231,31,9,3
"2536","2022-02-18",279,279,208,14,4,1,2022-02-18,2022,0,71,194,10,3,1
"2537","2022-03-01",247,247,191,23,5,1,2022-03-01,2022,0,56,168,18,4,1
"2538","2022-03-04",327,323,251,33,11,5,2022-03-04,2022,4,72,218,22,6,5
"2539","2022-05-01",278,274,227,39,13,5,2022-05-01,2022,4,47,188,26,8,5
"2540","2022-03-12",253,252,186,24,8,2,2022-03-12,2022,1,66,162,16,6,2
"2541","2022-02-27",243,240,189,42,10,3,2022-02-27,2022,3,51,147,32,7,3
"2542","2022-05-06",364,361,284,39,6,1,2022-05-06,2022,3,77,245,33,5,1
"2543","2022-05-08",260,260,215,34,17,6,2022-05-08,2022,0,45,181,17,11,6
"2544","2022-05-15",306,305,252,33,8,5,2022-05-15,2022,1,53,219,25,3,5
"2545","2016-10-19",676,672,584,40,6,0,2016-10-19,2016,4,88,544,34,6,0
"2546","2016-09-24",612,611,525,56,7,1,2016-09-24,2016,1,86,469,49,6,1
"2547","2016-09-28",637,636,560,36,9,5,2016-09-28,2016,1,76,524,27,4,5
"2548","2016-09-03",498,498,405,33,11,1,2016-09-03,2016,0,93,372,22,10,1
"2549","2016-09-01",675,672,600,52,13,3,2016-09-01,2016,3,72,548,39,10,3
"2550","2016-08-05",700,698,612,46,9,2,2016-08-05,2016,2,86,566,37,7,2
"2551","2016-08-09",650,644,572,53,12,4,2016-08-09,2016,6,72,519,41,8,4
"2552","2016-06-06",758,755,663,48,15,3,2016-06-06,2016,3,92,615,33,12,3
"2553","2016-06-01",772,771,692,48,15,4,2016-06-01,2016,1,79,644,33,11,4
"2554","2016-05-04",653,651,569,31,8,3,2016-05-04,2016,2,82,538,23,5,3
"2555","2016-03-01",662,656,582,29,3,0,2016-03-01,2016,6,74,553,26,3,0
"2556","2016-01-11",680,679,588,35,6,2,2016-01-11,2016,1,91,553,29,4,2
"2557","2015-11-18",628,625,552,29,5,0,2015-11-18,2015,3,73,523,24,5,0
"2558","2022-05-17",314,313,253,23,7,3,2022-05-17,2022,1,60,230,16,4,3
"2559","2022-07-22",332,329,256,27,11,4,2022-07-22,2022,3,73,229,16,7,4
"2560","2022-05-26",309,308,251,20,3,1,2022-05-26,2022,1,57,231,17,2,1
"2561","2022-05-31",353,351,273,24,6,2,2022-05-31,2022,2,78,249,18,4,2
"2562","2022-06-24",353,348,278,32,10,3,2022-06-24,2022,5,70,246,22,7,3
"2563","2020-10-25",281,281,224,43,13,6,2020-10-25,2020,0,57,181,30,7,6
"2564","2021-03-14",244,243,189,31,9,4,2021-03-14,2021,1,54,158,22,5,4
"2565","2021-04-10",294,293,224,40,6,4,2021-04-10,2021,1,69,184,34,2,4
"2566","2021-03-21",261,261,216,37,15,4,2021-03-21,2021,0,45,179,22,11,4
"2567","2021-01-05",228,227,168,17,6,2,2021-01-05,2021,1,59,151,11,4,2
"2568","2020-10-26",314,312,235,36,14,5,2020-10-26,2020,2,77,199,22,9,5
"2569","2020-11-06",365,365,273,30,7,1,2020-11-06,2020,0,92,243,23,6,1
"2570","2020-11-21",314,312,248,38,6,2,2020-11-21,2020,2,64,210,32,4,2
"2571","2020-11-03",285,284,209,24,8,3,2020-11-03,2020,1,75,185,16,5,3
"2572","2020-08-29",291,289,216,44,12,1,2020-08-29,2020,2,73,172,32,11,1
"2573","2020-06-22",295,293,236,31,10,4,2020-06-22,2020,2,57,205,21,6,4
"2574","2020-05-22",264,263,202,40,18,9,2020-05-22,2020,1,61,162,22,9,9
"2575","2020-04-16",138,138,109,13,2,1,2020-04-16,2020,0,29,96,11,1,1
"2576","2020-04-23",108,108,79,8,2,1,2020-04-23,2020,0,29,71,6,1,1
"2577","2015-10-14",658,658,591,41,8,3,2015-10-14,2015,0,67,550,33,5,3
"2578","2015-10-04",536,534,469,45,10,3,2015-10-04,2015,2,65,424,35,7,3
"2579","2015-08-22",581,580,503,42,15,6,2015-08-22,2015,1,77,461,27,9,6
"2580","2015-08-17",592,588,516,32,12,0,2015-08-17,2015,4,72,484,20,12,0
"2581","2015-07-15",611,608,535,30,8,2,2015-07-15,2015,3,73,505,22,6,2
"2582","2020-04-27",131,130,88,18,6,1,2020-04-27,2020,1,42,70,12,5,1
"2583","2020-02-19",477,471,396,31,11,1,2020-02-19,2020,6,75,365,20,10,1
"2584","2020-02-27",581,577,477,36,9,1,2020-02-27,2020,4,100,441,27,8,1
"2585","2020-02-08",466,465,379,44,8,3,2020-02-08,2020,1,86,335,36,5,3
"2586","2020-01-30",525,523,427,31,10,3,2020-01-30,2020,2,96,396,21,7,3
"2587","2020-01-16",547,547,445,36,8,2,2020-01-16,2020,0,102,409,28,6,2
"2588","2019-12-03",620,619,517,35,8,3,2019-12-03,2019,1,102,482,27,5,3
"2589","2019-11-03",479,477,395,35,8,1,2019-11-03,2019,2,82,360,27,7,1
"2590","2019-11-07",669,664,557,39,12,1,2019-11-07,2019,5,107,518,27,11,1
"2591","2019-09-25",604,604,517,35,9,1,2019-09-25,2019,0,87,482,26,8,1
"2592","2019-10-16",658,656,529,42,7,1,2019-10-16,2019,2,127,487,35,6,1
"2593","2015-03-23",586,584,508,28,9,3,2015-03-23,2015,2,76,480,19,6,3
"2594","2015-02-20",621,619,550,43,7,4,2015-02-20,2015,2,69,507,36,3,4
"2595","2015-02-14",436,435,388,33,7,2,2015-02-14,2015,1,47,355,26,5,2
"2596","2015-01-03",456,454,365,30,5,2,2015-01-03,2015,2,89,335,25,3,2
"2597","2014-12-09",645,641,524,39,10,2,2014-12-09,2014,4,117,485,29,8,2
"2598","2019-07-29",649,647,544,40,7,3,2019-07-29,2019,2,103,504,33,4,3
"2599","2019-07-07",441,439,375,31,7,1,2019-07-07,2019,2,64,344,24,6,1
"2600","2019-06-21",771,771,654,58,18,8,2019-06-21,2019,0,117,596,40,10,8
"2601","2019-05-30",625,624,523,52,12,5,2019-05-30,2019,1,101,471,40,7,5
"2602","2019-05-18",649,647,553,53,16,6,2019-05-18,2019,2,94,500,37,10,6
"2603","2019-04-25",518,517,439,30,5,0,2019-04-25,2019,1,78,409,25,5,0
"2604","2019-04-28",395,394,332,31,4,2,2019-04-28,2019,1,62,301,27,2,2
"2605","2019-03-09",523,520,443,39,7,2,2019-03-09,2019,3,77,404,32,5,2
"2606","2019-03-13",562,561,475,36,4,0,2019-03-13,2019,1,86,439,32,4,0
"2607","2019-03-19",565,564,485,27,8,1,2019-03-19,2019,1,79,458,19,7,1
"2608","2019-03-30",516,512,439,48,15,5,2019-03-30,2019,4,73,391,33,10,5
"2609","2014-10-15",575,575,498,32,4,1,2014-10-15,2014,0,77,466,28,3,1
"2610","2014-09-20",594,591,526,25,5,0,2014-09-20,2014,3,65,501,20,5,0
"2611","2014-09-05",647,644,581,41,7,3,2014-09-05,2014,3,63,540,34,4,3
"2612","2014-07-06",451,451,402,39,11,5,2014-07-06,2014,0,49,363,28,6,5
"2613","2014-05-09",584,582,524,40,7,0,2014-05-09,2014,2,58,484,33,7,0
"2614","2014-05-28",538,534,478,26,2,0,2014-05-28,2014,4,56,452,24,2,0
"2615","2014-05-16",700,699,613,54,10,3,2014-05-16,2014,1,86,559,44,7,3
"2616","2014-03-24",547,547,455,23,6,0,2014-03-24,2014,0,92,432,17,6,0
"2617","2019-01-20",411,410,319,30,4,3,2019-01-20,2019,1,91,289,26,1,3
"2618","2019-01-26",533,532,440,38,8,4,2019-01-26,2019,1,92,402,30,4,4
"2619","2018-11-29",646,643,553,34,5,2,2018-11-29,2018,3,90,519,29,3,2
"2620","2018-12-27",582,581,495,43,11,2,2018-12-27,2018,1,86,452,32,9,2
"2621","2018-11-21",732,732,633,45,14,2,2018-11-21,2018,0,99,588,31,12,2
"2622","2018-11-27",609,606,516,45,9,3,2018-11-27,2018,3,90,471,36,6,3
"2623","2018-11-02",746,745,652,44,7,2,2018-11-02,2018,1,93,608,37,5,2
"2624","2018-10-30",721,718,610,37,5,1,2018-10-30,2018,3,108,573,32,4,1
"2625","2018-11-05",759,758,621,46,13,2,2018-11-05,2018,1,137,575,33,11,2
"2626","2018-11-07",696,695,592,51,9,2,2018-11-07,2018,1,103,541,42,7,2
"2627","2018-09-27",672,672,592,41,6,0,2018-09-27,2018,0,80,551,35,6,0
"2628","2018-10-05",796,796,696,46,11,3,2018-10-05,2018,0,100,650,35,8,3
"2629","2014-03-17",519,517,262,19,3,1,2014-03-17,2014,2,255,243,16,2,1
"2630","2014-03-23",427,427,357,27,6,1,2014-03-23,2014,0,70,330,21,5,1
"2631","2013-12-30",476,475,410,26,8,3,2013-12-30,2013,1,65,384,18,5,3
"2632","2018-07-31",709,709,610,30,4,2,2018-07-31,2018,0,99,580,26,2,2
"2633","2018-07-07",526,525,452,43,10,2,2018-07-07,2018,1,73,409,33,8,2
"2634","2018-07-23",614,614,521,41,9,3,2018-07-23,2018,0,93,480,32,6,3
"2635","2018-06-19",812,810,698,47,10,4,2018-06-19,2018,2,112,651,37,6,4
"2636","2018-07-01",563,560,489,41,9,3,2018-07-01,2018,3,71,448,32,6,3
"2637","2018-05-20",578,578,497,44,11,1,2018-05-20,2018,0,81,453,33,10,1
"2638","2018-05-10",663,659,586,35,4,1,2018-05-10,2018,4,73,551,31,3,1
"2639","2018-04-20",707,704,620,40,10,3,2018-04-20,2018,3,84,580,30,7,3
"2640","2018-03-09",751,749,658,40,10,1,2018-03-09,2018,2,91,618,30,9,1
"2641","2018-03-16",753,752,654,47,7,0,2018-03-16,2018,1,98,607,40,7,0
"2642","2018-02-16",582,581,488,33,11,3,2018-02-16,2018,1,93,455,22,8,3
"2643","2013-09-08",500,499,450,36,6,4,2013-09-08,2013,1,49,414,30,2,4
"2644","2013-06-12",615,614,550,46,8,0,2013-06-12,2013,1,64,504,38,8,0
"2645","2013-06-25",648,644,579,53,14,2,2013-06-25,2013,4,65,526,39,12,2
"2646","2013-04-18",553,551,502,38,6,0,2013-04-18,2013,2,49,464,32,6,0
"2647","2018-01-15",523,522,437,28,4,2,2018-01-15,2018,1,85,409,24,2,2
"2648","2018-01-07",475,474,389,35,6,0,2018-01-07,2018,1,85,354,29,6,0
"2649","2018-01-18",634,631,532,24,4,2,2018-01-18,2018,3,99,508,20,2,2
"2650","2018-01-01",453,452,367,49,11,4,2018-01-01,2018,1,85,318,38,7,4
"2651","2017-12-06",651,651,543,32,10,3,2017-12-06,2017,0,108,511,22,7,3
"2652","2017-12-04",684,682,573,33,10,4,2017-12-04,2017,2,109,540,23,6,4
"2653","2017-10-27",759,758,661,49,12,6,2017-10-27,2017,1,97,612,37,6,6
"2654","2017-11-02",746,744,628,42,4,1,2017-11-02,2017,2,116,586,38,3,1
"2655","2017-10-29",613,608,468,42,12,2,2017-10-29,2017,5,140,426,30,10,2
"2656","2017-10-26",658,655,577,27,3,1,2017-10-26,2017,3,78,550,24,2,1
"2657","2017-09-28",740,733,643,43,7,3,2017-09-28,2017,7,90,600,36,4,3
"2658","2017-08-03",713,711,628,49,10,3,2017-08-03,2017,2,83,579,39,7,3
"2659","2017-09-03",518,516,425,44,12,5,2017-09-03,2017,2,91,381,32,7,5
"2660","2017-08-24",631,630,553,35,4,2,2017-08-24,2017,1,77,518,31,2,2
"2661","2017-08-04",758,756,667,41,7,2,2017-08-04,2017,2,89,626,34,5,2
"2662","2013-02-28",517,516,470,31,6,1,2013-02-28,2013,1,46,439,25,5,1
"2663","2013-02-19",477,476,395,24,7,2,2013-02-19,2013,1,81,371,17,5,2
"2664","2013-01-25",674,672,595,40,8,2,2013-01-25,2013,2,77,555,32,6,2
"2665","2012-12-30",411,411,342,31,9,1,2012-12-30,2012,0,69,311,22,8,1
"2666","2012-12-15",523,523,464,37,5,2,2012-12-15,2012,0,59,427,32,3,2
"2667","2013-01-04",505,505,458,28,5,1,2013-01-04,2013,0,47,430,23,4,1
"2668","2012-12-03",621,621,562,33,2,1,2012-12-03,2012,0,59,529,31,1,1
"2669","2012-12-08",580,580,495,43,8,2,2012-12-08,2012,0,85,452,35,6,2
"2670","2012-09-24",562,562,508,30,5,1,2012-09-24,2012,0,54,478,25,4,1
"2671","2012-08-22",504,504,464,36,8,1,2012-08-22,2012,0,40,428,28,7,1
"2672","2017-07-13",759,758,684,42,6,1,2017-07-13,2017,1,74,642,36,5,1
"2673","2017-07-06",611,610,543,42,9,2,2017-07-06,2017,1,67,501,33,7,2
"2674","2017-06-07",675,673,599,38,9,5,2017-06-07,2017,2,74,561,29,4,5
"2675","2017-05-04",701,699,620,38,12,4,2017-05-04,2017,2,79,582,26,8,4
"2676","2017-04-30",470,468,400,44,12,4,2017-04-30,2017,2,68,356,32,8,4
"2677","2017-05-14",633,631,532,50,11,3,2017-05-14,2017,2,99,482,39,8,3
"2678","2017-05-01",639,637,551,26,6,3,2017-05-01,2017,2,86,525,20,3,3
"2679","2017-04-28",857,855,759,39,9,4,2017-04-28,2017,2,96,720,30,5,4
"2680","2017-03-18",504,500,419,33,6,1,2017-03-18,2017,4,81,386,27,5,1
"2681","2017-03-14",374,374,257,18,4,3,2017-03-14,2017,0,117,239,14,1,3
"2682","2017-03-06",618,617,531,35,5,2,2017-03-06,2017,1,86,496,30,3,2
"2683","2017-03-13",792,788,690,59,12,6,2017-03-13,2017,4,98,631,47,6,6
"2684","2017-01-29",428,427,362,34,12,4,2017-01-29,2017,1,65,328,22,8,4
"2685","2017-02-11",511,509,417,28,6,2,2017-02-11,2017,2,92,389,22,4,2
"2686","2017-02-01",574,573,498,26,4,0,2017-02-01,2017,1,75,472,22,4,0
"2687","2016-12-12",665,662,564,31,7,2,2016-12-12,2016,3,98,533,24,5,2
"2688","2012-08-04",568,568,509,34,7,0,2012-08-04,2012,0,59,475,27,7,0
"2689","2012-07-20",604,604,562,50,9,4,2012-07-20,2012,0,42,512,41,5,4
"2690","2022-09-17",257,253,203,42,12,3,2022-09-17,2022,4,50,161,30,9,3
"2691","2022-08-29",258,256,204,31,6,1,2022-08-29,2022,2,52,173,25,5,1
"2692","2022-10-24",274,266,179,16,1,0,2022-10-24,2022,8,87,163,15,1,0
"2693","2022-10-29",251,249,187,37,8,1,2022-10-29,2022,2,62,150,29,7,1
"2694","2017-01-12",646,644,543,39,6,1,2017-01-12,2017,2,101,504,33,5,1
"2695","2016-12-28",546,545,483,35,13,2,2016-12-28,2016,1,62,448,22,11,2
"2696","2017-01-06",600,600,498,41,10,3,2017-01-06,2017,0,102,457,31,7,3
"2697","2016-12-24",554,551,463,58,17,8,2016-12-24,2016,3,88,405,41,9,8
"2698","2016-11-23",807,806,682,38,11,1,2016-11-23,2016,1,124,644,27,10,1
"2699","2016-10-28",798,795,679,50,8,1,2016-10-28,2016,3,116,629,42,7,1
"2700","2021-04-16",298,297,240,32,10,4,2021-04-16,2021,1,57,208,22,6,4
"2701","2021-05-03",316,316,255,35,9,2,2021-05-03,2021,0,61,220,26,7,2
"2702","2021-05-07",319,319,254,40,9,2,2021-05-07,2021,0,65,214,31,7,2
"2703","2021-04-22",252,250,199,22,5,2,2021-04-22,2021,2,51,177,17,3,2
"2704","2021-06-02",339,337,279,35,12,7,2021-06-02,2021,2,58,244,23,5,7
"2705","2021-06-05",365,365,294,37,13,5,2021-06-05,2021,0,71,257,24,8,5
"2706","2022-07-02",276,275,214,24,4,1,2022-07-02,2022,1,61,190,20,3,1
"2707","2021-10-25",330,330,264,20,4,1,2021-10-25,2021,0,66,244,16,3,1
"2708","2021-07-29",319,319,236,21,7,3,2021-07-29,2021,0,83,215,14,4,3
"2709","2022-07-08",294,292,228,21,6,3,2022-07-08,2022,2,64,207,15,3,3
"2710","2021-08-08",314,312,235,41,11,5,2021-08-08,2021,2,77,194,30,6,5
"2711","2022-04-15",292,291,235,36,11,3,2022-04-15,2022,1,56,199,25,8,3
"2712","2021-08-25",336,336,264,23,5,1,2021-08-25,2021,0,72,241,18,4,1
"2713","2021-11-09",327,324,245,24,4,0,2021-11-09,2021,3,79,221,20,4,0
"2714","2022-02-21",192,191,141,16,5,2,2022-02-21,2022,1,50,125,11,3,2
"2715","2022-03-24",266,264,195,21,5,0,2022-03-24,2022,2,69,174,16,5,0
"2716","2016-10-15",641,640,536,45,8,3,2016-10-15,2016,1,104,491,37,5,3
"2717","2016-09-21",621,620,523,38,8,1,2016-09-21,2016,1,97,485,30,7,1
"2718","2016-09-27",659,659,566,36,9,4,2016-09-27,2016,0,93,530,27,5,4
"2719","2016-09-07",648,646,568,47,9,1,2016-09-07,2016,2,78,521,38,8,1
"2720","2016-09-05",419,417,354,40,11,3,2016-09-05,2016,2,63,314,29,8,3
"2721","2016-07-03",448,446,363,41,12,1,2016-07-03,2016,2,83,322,29,11,1
"2722","2016-03-26",530,527,449,43,7,3,2016-03-26,2016,3,78,406,36,4,3
"2723","2016-03-27",459,455,389,39,5,1,2016-03-27,2016,4,66,350,34,4,1
"2724","2016-01-21",666,660,587,39,7,1,2016-01-21,2016,6,73,548,32,6,1
"2725","2016-01-14",597,596,506,44,9,2,2016-01-14,2016,1,90,462,35,7,2
"2726","2022-06-03",319,317,250,30,7,1,2022-06-03,2022,2,67,220,23,6,1
"2727","2022-06-01",312,311,248,23,6,1,2022-06-01,2022,1,63,225,17,5,1
"2728","2022-06-06",310,307,235,28,9,0,2022-06-06,2022,3,72,207,19,9,0
"2729","2022-08-12",350,350,283,34,10,2,2022-08-12,2022,0,67,249,24,8,2
"2730","2022-08-14",303,302,236,38,10,2,2022-08-14,2022,1,66,198,28,8,2
"2731","2022-08-19",285,285,238,31,11,3,2022-08-19,2022,0,47,207,20,8,3
"2732","2022-08-30",282,280,224,28,10,2,2022-08-30,2022,2,56,196,18,8,2
"2733","2021-02-19",201,199,134,16,7,1,2021-02-19,2021,2,65,118,9,6,1
"2734","2021-03-23",283,282,231,29,1,1,2021-03-23,2021,1,51,202,28,0,1
"2735","2020-12-09",280,279,224,36,14,5,2020-12-09,2020,1,55,188,22,9,5
"2736","2020-12-24",315,310,223,32,13,2,2020-12-24,2020,5,87,191,19,11,2
"2737","2020-12-15",315,313,231,30,8,2,2020-12-15,2020,2,82,201,22,6,2
"2738","2020-11-10",343,341,260,36,15,7,2020-11-10,2020,2,81,224,21,8,7
"2739","2020-10-28",309,306,229,24,5,2,2020-10-28,2020,3,77,205,19,3,2
"2740","2020-11-27",279,278,219,27,11,4,2020-11-27,2020,1,59,192,16,7,4
"2741","2020-06-07",206,206,152,22,13,4,2020-06-07,2020,0,54,130,9,9,4
"2742","2020-09-19",330,330,251,40,10,3,2020-09-19,2020,0,79,211,30,7,3
"2743","2020-08-05",345,342,264,33,8,1,2020-08-05,2020,3,78,231,25,7,1
"2744","2020-07-07",243,242,190,21,6,2,2020-07-07,2020,1,52,169,15,4,2
"2745","2020-07-30",300,298,237,32,11,0,2020-07-30,2020,2,61,205,21,11,0
"2746","2020-07-25",291,288,215,43,13,4,2020-07-25,2020,3,73,172,30,9,4
"2747","2020-06-19",306,306,231,29,9,2,2020-06-19,2020,0,75,202,20,7,2
"2748","2020-06-02",197,197,158,24,9,2,2020-06-02,2020,0,39,134,15,7,2
"2749","2015-06-17",706,702,630,40,4,2,2015-06-17,2015,4,72,590,36,2,2
"2750","2015-06-07",559,557,496,37,10,4,2015-06-07,2015,2,61,459,27,6,4
"2751","2015-05-18",566,563,495,46,7,0,2015-05-18,2015,3,68,449,39,7,0
"2752","2020-06-14",228,227,177,32,10,2,2020-06-14,2020,1,50,145,22,8,2
"2753","2020-03-21",238,237,195,31,7,2,2020-03-21,2020,1,42,164,24,5,2
"2754","2020-02-02",391,391,311,33,9,0,2020-02-02,2020,0,80,278,24,9,0
"2755","2019-12-20",698,696,587,48,7,3,2019-12-20,2019,2,109,539,41,4,3
"2756","2019-12-18",701,700,590,54,10,2,2019-12-18,2019,1,110,536,44,8,2
"2757","2020-01-15",508,506,427,31,4,2,2020-01-15,2020,2,79,396,27,2,2
"2758","2020-01-02",413,412,329,25,8,3,2020-01-02,2020,1,83,304,17,5,3
"2759","2019-11-11",481,480,402,39,9,4,2019-11-11,2019,1,78,363,30,5,4
"2760","2019-11-13",599,597,519,33,7,4,2019-11-13,2019,2,78,486,26,3,4
"2761","2019-11-23",528,525,451,40,7,0,2019-11-23,2019,3,74,411,33,7,0
"2762","2019-09-13",687,682,585,53,10,0,2019-09-13,2019,5,97,532,43,10,0
"2763","2019-09-11",624,624,543,32,6,2,2019-09-11,2019,0,81,511,26,4,2
"2764","2019-09-12",689,686,575,40,10,5,2019-09-12,2019,3,111,535,30,5,5
"2765","2022-08-31",290,290,230,24,7,1,2022-08-31,2022,0,60,206,17,6,1
"2766","2015-03-13",609,608,536,39,8,2,2015-03-13,2015,1,72,497,31,6,2
"2767","2015-03-02",650,649,559,35,4,3,2015-03-02,2015,1,90,524,31,1,3
"2768","2015-02-21",517,517,467,25,6,2,2015-02-21,2015,0,50,442,19,4,2
"2769","2014-12-04",606,605,538,40,5,3,2014-12-04,2014,1,67,498,35,2,3
"2770","2019-08-15",560,557,482,34,5,0,2019-08-15,2019,3,75,448,29,5,0
"2771","2019-08-07",608,607,519,31,9,6,2019-08-07,2019,1,88,488,22,3,6
"2772","2019-07-18",620,618,525,41,7,2,2019-07-18,2019,2,93,484,34,5,2
"2773","2019-05-21",745,743,639,49,11,2,2019-05-21,2019,2,104,590,38,9,2
"2774","2019-05-27",442,440,376,48,11,1,2019-05-27,2019,2,64,328,37,10,1
"2775","2019-04-05",701,700,604,44,10,3,2019-04-05,2019,1,96,560,34,7,3
"2776","2019-02-03",490,488,396,39,8,1,2019-02-03,2019,2,92,357,31,7,1
"2777","2019-01-19",479,478,380,31,8,1,2019-01-19,2019,1,98,349,23,7,1
"2778","2018-11-04",502,500,409,38,9,2,2018-11-04,2018,2,91,371,29,7,2
"2779","2018-09-12",783,781,683,41,9,2,2018-09-12,2018,2,98,642,32,7,2
"2780","2018-08-06",632,631,533,33,7,2,2018-08-06,2018,1,98,500,26,5,2
"2781","2018-08-05",573,572,485,44,7,2,2018-08-05,2018,1,87,441,37,5,2
"2782","2014-02-25",513,511,448,30,5,2,2014-02-25,2014,2,63,418,25,3,2
"2783","2013-12-17",703,701,635,62,12,3,2013-12-17,2013,2,66,573,50,9,3
"2784","2013-10-31",615,614,527,55,10,0,2013-10-31,2013,1,87,472,45,10,0
"2785","2013-10-22",540,540,474,33,9,0,2013-10-22,2013,0,66,441,24,9,0
"2786","2018-07-29",463,463,390,38,12,7,2018-07-29,2018,0,73,352,26,5,7
"2787","2018-07-27",753,752,652,48,9,2,2018-07-27,2018,1,100,604,39,7,2
"2788","2018-06-16",677,674,589,35,10,3,2018-06-16,2018,3,85,554,25,7,3
"2789","2018-07-02",719,714,625,44,9,0,2018-07-02,2018,5,89,581,35,9,0
"2790","2018-05-22",689,687,599,43,6,1,2018-05-22,2018,2,88,556,37,5,1
"2791","2018-05-12",602,600,532,51,12,3,2018-05-12,2018,2,68,481,39,9,3
"2792","2018-04-15",510,509,416,50,8,1,2018-04-15,2018,1,93,366,42,7,1
"2793","2013-08-17",504,504,451,40,12,2,2013-08-17,2013,0,53,411,28,10,2
"2794","2013-07-27",516,516,467,43,9,3,2013-07-27,2013,0,49,424,34,6,3
"2795","2013-07-04",438,438,388,43,5,1,2013-07-04,2013,0,50,345,38,4,1
"2796","2018-01-12",704,701,573,29,7,0,2018-01-12,2018,3,128,544,22,7,0
"2797","2017-12-30",565,564,478,40,8,0,2017-12-30,2017,1,86,438,32,8,0
"2798","2017-11-29",701,697,605,41,10,5,2017-11-29,2017,4,92,564,31,5,5
"2799","2017-11-03",776,774,666,49,10,3,2017-11-03,2017,2,108,617,39,7,3
"2800","2017-10-28",615,615,525,35,6,1,2017-10-28,2017,0,90,490,29,5,1
"2801","2017-10-30",832,826,655,40,10,2,2017-10-30,2017,6,171,615,30,8,2
"2802","2017-10-19",766,765,640,55,6,0,2017-10-19,2017,1,125,585,49,6,0
"2803","2017-11-08",662,657,560,38,10,2,2017-11-08,2017,5,97,522,28,8,2
"2804","2017-10-31",696,696,593,37,7,3,2017-10-31,2017,0,103,556,30,4,3
"2805","2017-09-30",550,549,474,43,6,2,2017-09-30,2017,1,75,431,37,4,2
"2806","2017-08-12",526,521,443,37,10,3,2017-08-12,2017,5,78,406,27,7,3
"2807","2017-08-02",618,617,529,35,7,5,2017-08-02,2017,1,88,494,28,2,5
"2808","2013-01-26",558,558,474,50,9,2,2013-01-26,2013,0,84,424,41,7,2
"2809","2013-01-10",555,555,478,34,5,1,2013-01-10,2013,0,77,444,29,4,1
"2810","2012-11-24",458,458,418,32,5,1,2012-11-24,2012,0,40,386,27,4,1
"2811","2012-10-09",570,570,513,38,3,0,2012-10-09,2012,0,57,475,35,3,0
"2812","2012-11-02",345,345,305,14,2,0,2012-11-02,2012,0,40,291,12,2,0
"2813","2017-07-10",667,666,570,33,6,1,2017-07-10,2017,1,96,537,27,5,1
"2814","2017-05-10",668,667,568,45,14,6,2017-05-10,2017,1,99,523,31,8,6
"2815","2017-05-03",714,710,619,48,11,3,2017-05-03,2017,4,91,571,37,8,3
"2816","2017-06-26",669,666,574,30,5,0,2017-06-26,2017,3,92,544,25,5,0
"2817","2017-05-19",974,972,849,51,9,1,2017-05-19,2017,2,123,798,42,8,1
"2818","2012-07-06",638,638,590,46,8,4,2012-07-06,2012,0,48,544,38,4,4
"2819","2022-09-10",265,262,214,23,8,2,2022-09-10,2022,3,48,191,15,6,2
"2820","2022-10-13",297,296,215,21,4,2,2022-10-13,2022,1,81,194,17,2,2
"2821","2022-10-16",238,237,184,32,11,4,2022-10-16,2022,1,53,152,21,7,4
"2822","2022-10-17",251,250,198,20,4,2,2022-10-17,2022,1,52,178,16,2,2
"2823","2016-12-31",465,462,377,42,11,2,2016-12-31,2016,3,85,335,31,9,2
"2824","2016-12-11",522,520,435,45,10,5,2016-12-11,2016,2,85,390,35,5,5
"2825","2016-11-25",455,453,371,36,8,3,2016-11-25,2016,2,82,335,28,5,3
"2826","2016-11-30",730,728,594,37,9,5,2016-11-30,2016,2,134,557,28,4,5
"2827","2016-11-17",707,707,624,27,9,0,2016-11-17,2016,0,83,597,18,9,0
"2828","2021-05-01",318,317,246,34,10,2,2021-05-01,2021,1,71,212,24,8,2
"2829","2021-10-02",349,348,292,51,16,8,2021-10-02,2021,1,56,241,35,8,8
"2830","2022-02-20",245,245,191,33,11,2,2022-02-20,2022,0,54,158,22,9,2
"2831","2021-06-08",355,353,278,34,10,3,2021-06-08,2021,2,75,244,24,7,3
"2832","2021-06-27",332,331,265,44,13,7,2021-06-27,2021,1,66,221,31,6,7
"2833","2021-07-10",293,293,231,35,8,4,2021-07-10,2021,0,62,196,27,4,4
"2834","2021-10-26",323,322,227,30,5,0,2021-10-26,2021,1,95,197,25,5,0
"2835","2022-04-11",283,281,217,27,5,0,2022-04-11,2022,2,64,190,22,5,0
"2836","2021-08-28",303,303,226,36,14,7,2021-08-28,2021,0,77,190,22,7,7
"2837","2022-04-14",331,330,266,27,5,2,2022-04-14,2022,1,64,239,22,3,2
"2838","2021-09-03",352,350,262,29,8,2,2021-09-03,2021,2,88,233,21,6,2
"2839","2021-11-10",346,344,280,29,7,3,2021-11-10,2021,2,64,251,22,4,3
"2840","2021-12-01",266,265,201,13,5,2,2021-12-01,2021,1,64,188,8,3,2
"2841","2021-12-06",345,342,247,33,7,2,2021-12-06,2021,3,95,214,26,5,2
"2842","2021-12-10",301,298,231,19,5,2,2021-12-10,2021,3,67,212,14,3,2
"2843","2022-03-06",237,235,177,20,6,1,2022-03-06,2022,2,58,157,14,5,1
"2844","2022-05-07",293,290,216,27,6,3,2022-05-07,2022,3,74,189,21,3,3
"2845","2022-05-11",300,299,227,19,7,1,2022-05-11,2022,1,72,208,12,6,1
"2846","2016-10-26",706,705,617,48,7,1,2016-10-26,2016,1,88,569,41,6,1
"2847","2016-09-14",779,776,681,52,9,1,2016-09-14,2016,3,95,629,43,8,1
"2848","2016-08-16",644,641,533,40,11,5,2016-08-16,2016,3,108,493,29,6,5
"2849","2016-08-12",729,726,628,48,9,1,2016-08-12,2016,3,98,580,39,8,1
"2850","2016-08-03",687,687,576,34,7,3,2016-08-03,2016,0,111,542,27,4,3
"2851","2015-12-20",500,499,454,37,10,7,2015-12-20,2015,1,45,417,27,3,7
"2852","2022-07-27",286,281,232,28,5,2,2022-07-27,2022,5,49,204,23,3,2
"2853","2022-07-09",259,259,195,26,8,3,2022-07-09,2022,0,64,169,18,5,3
"2854","2022-06-10",366,362,304,33,4,2,2022-06-10,2022,4,58,271,29,2,2
"2855","2022-06-13",319,317,252,33,5,1,2022-06-13,2022,2,65,219,28,4,1
"2856","2022-06-21",317,317,240,33,12,7,2022-06-21,2022,0,77,207,21,5,7
"2857","2021-02-28",212,209,150,28,8,5,2021-02-28,2021,3,59,122,20,3,5
"2858","2021-03-06",251,249,191,33,7,3,2021-03-06,2021,2,58,158,26,4,3
"2859","2021-02-24",267,265,206,22,7,2,2021-02-24,2021,2,59,184,15,5,2
"2860","2021-03-05",306,304,234,24,9,4,2021-03-05,2021,2,70,210,15,5,4
"2861","2021-02-13",210,210,166,27,11,4,2021-02-13,2021,0,44,139,16,7,4
"2862","2021-02-27",223,222,161,27,9,1,2021-02-27,2021,1,61,134,18,8,1
"2863","2021-04-05",268,267,213,31,12,4,2021-04-05,2021,1,54,182,19,8,4
"2864","2021-01-20",253,253,191,29,13,4,2021-01-20,2021,0,62,162,16,9,4
"2865","2021-02-06",275,273,196,16,3,1,2021-02-06,2021,2,77,180,13,2,1
"2866","2020-11-28",239,239,186,27,5,2,2020-11-28,2020,0,53,159,22,3,2
"2867","2020-10-01",332,328,257,32,11,6,2020-10-01,2020,4,71,225,21,5,6
"2868","2020-07-06",257,256,202,33,13,3,2020-07-06,2020,1,54,169,20,10,3
"2869","2020-07-15",268,267,207,29,6,1,2020-07-15,2020,1,60,178,23,5,1
"2870","2020-07-16",322,322,245,34,10,6,2020-07-16,2020,0,77,211,24,4,6
"2871","2020-06-27",273,273,213,31,6,2,2020-06-27,2020,0,60,182,25,4,2
"2872","2020-04-20",140,139,106,16,8,3,2020-04-20,2020,1,33,90,8,5,3
"2873","2020-04-22",148,148,114,16,4,3,2020-04-22,2020,0,34,98,12,1,3
"2874","2020-06-23",291,290,223,30,11,4,2020-06-23,2020,1,67,193,19,7,4
"2875","2015-07-28",643,642,579,37,7,4,2015-07-28,2015,1,63,542,30,3,4
"2876","2015-07-01",683,681,603,33,4,1,2015-07-01,2015,2,78,570,29,3,1
"2877","2020-04-08",125,125,93,19,6,2,2020-04-08,2020,0,32,74,13,4,2
"2878","2020-03-23",225,223,173,13,3,1,2020-03-23,2020,2,50,160,10,2,1
"2879","2020-03-20",306,305,235,17,8,1,2020-03-20,2020,1,70,218,9,7,1
"2880","2020-02-04",464,460,395,25,5,1,2020-02-04,2020,4,65,370,20,4,1
"2881","2020-02-05",432,430,370,21,4,2,2020-02-05,2020,2,60,349,17,2,2
"2882","2019-11-14",545,544,456,26,7,3,2019-11-14,2019,1,88,430,19,4,3
"2883","2019-10-28",607,605,511,37,6,3,2019-10-28,2019,2,94,474,31,3,3
"2884","2019-08-18",481,477,399,46,4,0,2019-08-18,2019,4,78,353,42,4,0
"2885","2019-08-24",514,512,425,41,9,3,2019-08-24,2019,2,87,384,32,6,3
"2886","2015-01-27",188,188,159,8,1,0,2015-01-27,2015,0,29,151,7,1,0
"2887","2015-01-04",381,381,307,39,8,2,2015-01-04,2015,0,74,268,31,6,2
"2888","2014-12-24",519,518,449,29,6,1,2014-12-24,2014,1,69,420,23,5,1
"2889","2019-07-30",638,638,557,30,6,1,2019-07-30,2019,0,81,527,24,5,1
"2890","2019-08-01",618,615,524,29,7,0,2019-08-01,2019,3,91,495,22,7,0
"2891","2019-08-13",469,468,397,24,2,1,2019-08-13,2019,1,71,373,22,1,1
"2892","2019-07-02",591,587,488,30,8,2,2019-07-02,2019,4,99,458,22,6,2
"2893","2019-04-21",398,397,322,38,14,4,2019-04-21,2019,1,75,284,24,10,4
"2894","2019-03-27",562,560,478,32,11,3,2019-03-27,2019,2,82,446,21,8,3
"2895","2019-03-12",586,582,509,33,4,0,2019-03-12,2019,4,73,476,29,4,0
"2896","2019-03-18",575,572,491,35,9,3,2019-03-18,2019,3,81,456,26,6,3
"2897","2019-03-06",589,589,498,29,5,0,2019-03-06,2019,0,91,469,24,5,0
"2898","2019-02-22",546,544,466,31,6,1,2019-02-22,2019,2,78,435,25,5,1
"2899","2014-09-08",598,598,548,39,6,0,2014-09-08,2014,0,50,509,33,6,0
"2900","2014-08-02",540,540,474,43,17,2,2014-08-02,2014,0,66,431,26,15,2
"2901","2019-01-15",618,618,526,31,8,1,2019-01-15,2019,0,92,495,23,7,1
"2902","2018-12-28",681,674,535,34,10,5,2018-12-28,2018,7,139,501,24,5,5
"2903","2018-12-19",749,747,636,51,9,2,2018-12-19,2018,2,111,585,42,7,2
"2904","2018-12-15",628,625,519,38,7,3,2018-12-15,2018,3,106,481,31,4,3
"2905","2018-12-29",499,498,414,38,5,2,2018-12-29,2018,1,84,376,33,3,2
"2906","2018-10-01",583,580,496,35,7,1,2018-10-01,2018,3,84,461,28,6,1
"2907","2018-09-10",650,650,541,47,15,6,2018-09-10,2018,0,109,494,32,9,6
"2908","2018-08-22",599,599,519,45,10,3,2018-08-22,2018,0,80,474,35,7,3
"2909","2018-06-13",706,703,627,40,7,2,2018-06-13,2018,3,76,587,33,5,2
"2910","2018-06-20",698,697,615,38,6,1,2018-06-20,2018,1,82,577,32,5,1
"2911","2018-06-12",720,719,610,33,6,0,2018-06-12,2018,1,109,577,27,6,0
"2912","2018-06-11",686,680,598,47,14,4,2018-06-11,2018,6,82,551,33,10,4
"2913","2018-05-24",770,766,651,40,8,0,2018-05-24,2018,4,115,611,32,8,0
"2914","2018-05-03",790,789,692,48,4,1,2018-05-03,2018,1,97,644,44,3,1
"2915","2018-04-30",656,656,567,46,8,1,2018-04-30,2018,0,89,521,38,7,1
"2916","2018-04-29",505,503,419,37,6,1,2018-04-29,2018,2,84,382,31,5,1
"2917","2018-02-08",616,614,520,32,9,0,2018-02-08,2018,2,94,488,23,9,0
"2918","2018-01-03",645,644,568,41,9,2,2018-01-03,2018,1,76,527,32,7,2
"2919","2013-06-01",631,631,574,43,6,1,2013-06-01,2013,0,57,531,37,5,1
"2920","2013-03-07",535,534,458,36,4,2,2013-03-07,2013,1,76,422,32,2,2
"2921","2013-04-09",613,613,554,52,9,1,2013-04-09,2013,0,59,502,43,8,1
"2922","2013-04-05",582,582,528,30,9,4,2013-04-05,2013,0,54,498,21,5,4
"2923","2013-03-04",597,597,537,46,14,3,2013-03-04,2013,0,60,491,32,11,3
"2924","2018-01-20",530,529,448,44,13,6,2018-01-20,2018,1,81,404,31,7,6
"2925","2017-12-21",742,739,619,40,9,1,2017-12-21,2017,3,120,579,31,8,1
"2926","2017-11-13",699,698,610,46,16,6,2017-11-13,2017,1,88,564,30,10,6
"2927","2017-11-15",713,712,622,40,6,1,2017-11-15,2017,1,90,582,34,5,1
"2928","2017-10-15",496,496,417,37,9,2,2017-10-15,2017,0,79,380,28,7,2
"2929","2017-09-23",631,628,525,48,11,4,2017-09-23,2017,3,103,477,37,7,4
"2930","2017-10-06",649,648,570,41,9,1,2017-10-06,2017,1,78,529,32,8,1
"2931","2017-09-13",738,736,652,47,13,2,2017-09-13,2017,2,84,605,34,11,2
"2932","2017-09-04",532,528,445,40,9,4,2017-09-04,2017,4,83,405,31,5,4
"2933","2017-08-19",638,636,550,56,13,4,2017-08-19,2017,2,86,494,43,9,4
"2934","2017-07-09",512,512,430,42,5,2,2017-07-09,2017,0,82,388,37,3,2
"2935","2017-07-15",649,649,550,45,17,4,2017-07-15,2017,0,99,505,28,13,4
"2936","2017-06-18",593,589,507,44,13,5,2017-06-18,2017,4,82,463,31,8,5
"2937","2017-06-11",702,701,608,67,12,5,2017-06-11,2017,1,93,541,55,7,5
"2938","2017-05-22",719,713,644,46,8,5,2017-05-22,2017,6,69,598,38,3,5
"2939","2017-05-27",475,475,409,28,7,0,2017-05-27,2017,0,66,381,21,7,0
"2940","2017-06-01",654,651,561,40,6,0,2017-06-01,2017,3,90,521,34,6,0
"2941","2017-04-24",541,540,474,29,6,2,2017-04-24,2017,1,66,445,23,4,2
"2942","2017-04-15",495,493,427,39,9,2,2017-04-15,2017,2,66,388,30,7,2
"2943","2017-02-10",708,707,616,51,6,1,2017-02-10,2017,1,91,565,45,5,1
"2944","2012-08-06",593,593,539,41,10,3,2012-08-06,2012,0,54,498,31,7,3
"2945","2022-10-01",319,315,242,23,3,0,2022-10-01,2022,4,73,219,20,3,0
"2946","2022-10-22",303,302,229,36,9,2,2022-10-22,2022,1,73,193,27,7,2
"2947","2016-12-06",711,709,590,46,12,2,2016-12-06,2016,2,119,544,34,10,2
"2948","2016-11-27",466,465,393,38,10,1,2016-11-27,2016,1,72,355,28,9,1
"2949","2016-11-20",529,523,424,40,12,4,2016-11-20,2016,6,99,384,28,8,4
"2950","2016-11-16",705,704,615,41,6,2,2016-11-16,2016,1,89,574,35,4,2
"2951","2016-09-15",757,755,661,37,6,1,2016-09-15,2016,2,94,624,31,5,1
"2952","2021-04-29",324,323,259,40,13,5,2021-04-29,2021,1,64,219,27,8,5
"2953","2021-05-12",329,328,255,27,9,6,2021-05-12,2021,1,73,228,18,3,6
"2954","2022-04-08",343,340,261,25,6,1,2022-04-08,2022,3,79,236,19,5,1
"2955","2021-11-21",273,272,202,41,13,7,2021-11-21,2021,1,70,161,28,6,7
"2956","2021-11-26",261,260,196,34,12,2,2021-11-26,2021,1,64,162,22,10,2
"2957","2021-12-09",283,283,217,26,6,1,2021-12-09,2021,0,66,191,20,5,1
"2958","2022-02-23",253,252,198,25,6,0,2022-02-23,2022,1,54,173,19,6,0
"2959","2022-03-22",290,287,222,15,3,1,2022-03-22,2022,3,65,207,12,2,1
"2960","2022-05-14",277,277,217,35,8,3,2022-05-14,2022,0,60,182,27,5,3
"2961","2016-10-04",523,522,441,30,5,0,2016-10-04,2016,1,81,411,25,5,0
"2962","2016-09-25",572,570,493,42,6,2,2016-09-25,2016,2,77,451,36,4,2
"2963","2016-08-23",637,637,552,38,8,5,2016-08-23,2016,0,85,514,30,3,5
"2964","2016-08-28",559,557,465,40,7,1,2016-08-28,2016,2,92,425,33,6,1
"2965","2016-08-04",715,714,632,39,8,1,2016-08-04,2016,1,82,593,31,7,1
"2966","2016-08-07",540,539,464,42,10,1,2016-08-07,2016,1,75,422,32,9,1
"2967","2016-04-26",479,477,409,34,10,3,2016-04-26,2016,2,68,375,24,7,3
"2968","2016-04-07",630,628,526,40,13,2,2016-04-07,2016,2,102,486,27,11,2
"2969","2016-02-08",501,500,438,38,7,2,2016-02-08,2016,1,62,400,31,5,2
"2970","2022-07-24",265,262,208,42,13,4,2022-07-24,2022,3,54,166,29,9,4
"2971","2022-07-30",306,306,249,34,8,4,2022-07-30,2022,0,57,215,26,4,4
"2972","2022-06-19",305,304,246,35,10,2,2022-06-19,2022,1,58,211,25,8,2
"2973","2022-08-23",272,271,218,25,9,3,2022-08-23,2022,1,53,193,16,6,3
"2974","2021-03-15",253,253,187,24,7,2,2021-03-15,2021,0,66,163,17,5,2
"2975","2021-03-29",240,240,197,16,5,2,2021-03-29,2021,0,43,181,11,3,2
"2976","2021-04-13",321,319,252,26,6,1,2021-04-13,2021,2,67,226,20,5,1
"2977","2021-02-04",277,276,218,25,4,0,2021-02-04,2021,1,58,193,21,4,0
"2978","2020-10-23",337,336,261,33,10,4,2020-10-23,2020,1,75,228,23,6,4
"2979","2020-10-19",276,276,228,19,3,1,2020-10-19,2020,0,48,209,16,2,1
"2980","2020-11-29",248,247,192,37,12,4,2020-11-29,2020,1,55,155,25,8,4
"2981","2020-11-19",279,278,207,26,6,1,2020-11-19,2020,1,71,181,20,5,1
"2982","2020-08-30",303,301,227,28,5,1,2020-08-30,2020,2,74,199,23,4,1
"2983","2020-09-17",322,319,254,36,7,2,2020-09-17,2020,3,65,218,29,5,2
"2984","2020-07-20",281,280,223,36,9,3,2020-07-20,2020,1,57,187,27,6,3
"2985","2020-06-01",196,196,140,25,7,2,2020-06-01,2020,0,56,115,18,5,2
"2986","2020-06-18",226,224,171,14,3,1,2020-06-18,2020,2,53,157,11,2,1
"2987","2015-09-24",619,616,531,45,11,2,2015-09-24,2015,3,85,486,34,9,2
"2988","2020-04-09",103,102,77,12,4,2,2020-04-09,2020,1,25,65,8,2,2
"2989","2020-03-17",374,371,321,28,7,4,2020-03-17,2020,3,50,293,21,3,4
"2990","2020-03-19",339,339,269,20,6,1,2020-03-19,2020,0,70,249,14,5,1
"2991","2020-01-27",452,450,375,28,1,0,2020-01-27,2020,2,75,347,27,1,0
"2992","2020-02-14",632,631,518,37,11,3,2020-02-14,2020,1,113,481,26,8,3
"2993","2019-12-15",503,501,418,39,8,3,2019-12-15,2019,2,83,379,31,5,3
"2994","2019-10-27",467,465,388,39,8,2,2019-10-27,2019,2,77,349,31,6,2
"2995","2019-11-02",506,506,413,44,12,3,2019-11-02,2019,0,93,369,32,9,3
"2996","2019-10-02",688,686,605,43,11,2,2019-10-02,2019,2,81,562,32,9,2
"2997","2019-09-21",577,576,481,40,10,4,2019-09-21,2019,1,95,441,30,6,4
"2998","2015-01-16",563,562,493,33,9,2,2015-01-16,2015,1,69,460,24,7,2
"2999","2015-01-13",613,611,530,37,4,0,2015-01-13,2015,2,81,493,33,4,0
"3000","2019-07-21",477,475,402,38,6,1,2019-07-21,2019,2,73,364,32,5,1
"3001","2019-08-16",523,523,443,33,2,2,2019-08-16,2019,0,80,410,31,0,2
"3002","2019-07-25",605,603,511,28,2,0,2019-07-25,2019,2,92,483,26,2,0
"3003","2019-07-28",527,525,451,40,3,2,2019-07-28,2019,2,74,411,37,1,2
"3004","2019-05-09",593,592,503,37,8,2,2019-05-09,2019,1,89,466,29,6,2
"3005","2019-04-29",565,565,489,36,11,3,2019-04-29,2019,0,76,453,25,8,3
"3006","2019-04-14",457,454,389,38,12,4,2019-04-14,2019,3,65,351,26,8,4
"3007","2019-04-04",660,657,553,37,9,1,2019-04-04,2019,3,104,516,28,8,1
"3008","2014-10-14",697,697,611,37,6,1,2014-10-14,2014,0,86,574,31,5,1
"3009","2019-02-06",615,611,513,34,7,0,2019-02-06,2019,4,98,479,27,7,0
"3010","2019-01-03",504,503,414,15,3,1,2019-01-03,2019,1,89,399,12,2,1
"3011","2019-01-02",502,497,414,25,4,1,2019-01-02,2019,5,83,389,21,3,1
"3012","2018-12-10",651,649,550,28,5,1,2018-12-10,2018,2,99,522,23,4,1
"3013","2018-11-12",497,493,420,36,10,3,2018-11-12,2018,4,73,384,26,7,3
"3014","2018-10-17",699,697,584,41,11,4,2018-10-17,2018,2,113,543,30,7,4
"3015","2018-08-31",623,622,541,37,6,1,2018-08-31,2018,1,81,504,31,5,1
"3016","2018-09-15",596,593,517,44,4,1,2018-09-15,2018,3,76,473,40,3,1
"3017","2018-09-11",544,541,460,39,14,3,2018-09-11,2018,3,81,421,25,11,3
"3018","2018-09-14",684,683,579,46,6,2,2018-09-14,2018,1,104,533,40,4,2
"3019","2018-08-27",651,649,551,39,4,1,2018-08-27,2018,2,98,512,35,3,1
"3020","2014-03-12",515,514,244,9,1,0,2014-03-12,2014,1,270,235,8,1,0
"3021","2018-07-17",680,678,585,44,3,1,2018-07-17,2018,2,93,541,41,2,1
"3022","2018-06-22",728,728,635,54,7,0,2018-06-22,2018,0,93,581,47,7,0
"3023","2018-06-06",651,648,574,43,12,2,2018-06-06,2018,3,74,531,31,10,2
"3024","2018-04-02",562,561,472,23,5,3,2018-04-02,2018,1,89,449,18,2,3
"3025","2018-05-05",602,600,524,57,14,6,2018-05-05,2018,2,76,467,43,8,6
"3026","2018-03-28",629,627,545,37,2,1,2018-03-28,2018,2,82,508,35,1,1
"3027","2018-02-20",535,532,452,41,11,1,2018-02-20,2018,3,80,411,30,10,1
"3028","2018-02-22",550,546,456,32,8,3,2018-02-22,2018,4,90,424,24,5,3
"3029","2013-06-02",487,487,441,53,16,6,2013-06-02,2013,0,46,388,37,10,6
"3030","2013-04-11",517,517,452,23,3,1,2013-04-11,2013,0,65,429,20,2,1
"3031","2013-04-07",451,451,408,38,2,0,2013-04-07,2013,0,43,370,36,2,0
"3032","2018-01-06",599,599,493,38,6,1,2018-01-06,2018,0,106,455,32,5,1
"3033","2017-12-18",706,700,616,47,9,1,2017-12-18,2017,6,84,569,38,8,1
"3034","2017-10-01",571,569,487,42,14,3,2017-10-01,2017,2,82,445,28,11,3
"3035","2017-09-27",696,693,597,41,6,2,2017-09-27,2017,3,96,556,35,4,2
"3036","2017-09-02",562,561,484,48,13,5,2017-09-02,2017,1,77,436,35,8,5
"3037","2017-08-17",639,638,552,61,11,4,2017-08-17,2017,1,86,491,50,7,4
"3038","2012-12-14",648,648,575,48,7,4,2012-12-14,2012,0,73,527,41,3,4
"3039","2012-08-19",467,467,415,44,12,6,2012-08-19,2012,0,52,371,32,6,6
"3040","2017-07-28",685,683,613,35,8,2,2017-07-28,2017,2,70,578,27,6,2
"3041","2017-06-04",468,466,401,27,9,3,2017-06-04,2017,2,65,374,18,6,3
"3042","2017-05-18",911,908,818,58,5,1,2017-05-18,2017,3,90,760,53,4,1
"3043","2017-05-31",669,668,570,34,5,0,2017-05-31,2017,1,98,536,29,5,0
"3044","2017-04-22",551,551,470,41,6,3,2017-04-22,2017,0,81,429,35,3,3
"3045","2017-03-29",672,670,576,39,7,2,2017-03-29,2017,2,94,537,32,5,2
"3046","2017-02-25",573,571,460,36,10,5,2017-02-25,2017,2,111,424,26,5,5
"3047","2017-03-02",653,650,548,33,9,0,2017-03-02,2017,3,102,515,24,9,0
"3048","2022-09-16",345,344,262,23,2,0,2022-09-16,2022,1,82,239,21,2,0
"3049","2022-10-09",240,239,187,22,5,1,2022-10-09,2022,1,52,165,17,4,1
"3050","2022-10-19",271,268,204,19,4,1,2022-10-19,2022,3,64,185,15,3,1
"3051","2017-01-15",490,488,415,39,5,1,2017-01-15,2017,2,73,376,34,4,1
"3052","2016-12-04",482,482,409,34,9,3,2016-12-04,2016,0,73,375,25,6,3
"3053","2016-11-24",428,427,371,46,12,1,2016-11-24,2016,1,56,325,34,11,1
"3054","2021-04-25",273,272,209,39,10,2,2021-04-25,2021,1,63,170,29,8,2
"3055","2021-08-31",310,309,238,20,2,0,2021-08-31,2021,1,71,218,18,2,0
"3056","2022-04-01",290,289,227,23,5,2,2022-04-01,2022,1,62,204,18,3,2
"3057","2021-05-21",384,383,304,26,4,2,2021-05-21,2021,1,79,278,22,2,2
"3058","2021-05-22",378,376,298,45,13,5,2021-05-22,2021,2,78,253,32,8,5
"3059","2021-12-07",321,320,257,35,5,3,2021-12-07,2021,1,63,222,30,2,3
"3060","2022-01-18",256,256,193,22,6,2,2022-01-18,2022,0,63,171,16,4,2
"3061","2021-10-23",312,310,240,38,9,3,2021-10-23,2021,2,70,202,29,6,3
"3062","2022-04-17",241,241,186,31,4,2,2022-04-17,2022,0,55,155,27,2,2
"3063","2016-10-09",480,480,397,31,6,3,2016-10-09,2016,0,83,366,25,3,3
"3064","2016-09-17",646,645,560,54,12,3,2016-09-17,2016,1,85,506,42,9,3
"3065","2016-09-19",680,679,573,50,14,3,2016-09-19,2016,1,106,523,36,11,3
"3066","2016-04-04",683,682,577,39,9,2,2016-04-04,2016,1,105,538,30,7,2
"3067","2015-10-07",668,666,581,35,7,1,2015-10-07,2015,2,85,546,28,6,1
"3068","2022-05-19",321,316,247,35,11,1,2022-05-19,2022,5,69,212,24,10,1
"3069","2022-07-25",278,278,210,27,4,0,2022-07-25,2022,0,68,183,23,4,0
"3070","2022-06-27",303,301,246,32,11,5,2022-06-27,2022,2,55,214,21,6,5
"3071","2020-12-31",278,272,207,25,8,3,2020-12-31,2020,6,65,182,17,5,3
"3072","2020-10-29",334,333,221,18,2,1,2020-10-29,2020,1,112,203,16,1,1
"3073","2020-10-11",248,246,184,39,11,3,2020-10-11,2020,2,62,145,28,8,3
"3074","2020-05-01",186,186,134,13,4,2,2020-05-01,2020,0,52,121,9,2,2
"3075","2020-04-10",115,115,79,9,4,0,2020-04-10,2020,0,36,70,5,4,0
"3076","2020-05-14",171,171,124,16,5,1,2020-05-14,2020,0,47,108,11,4,1
"3077","2015-06-06",598,596,541,48,10,4,2015-06-06,2015,2,55,493,38,6,4
"3078","2020-03-08",408,407,345,40,7,3,2020-03-08,2020,1,62,305,33,4,3
"3079","2019-12-19",699,696,573,48,9,3,2019-12-19,2019,3,123,525,39,6,3
"3080","2019-11-21",647,640,542,39,7,0,2019-11-21,2019,7,98,503,32,7,0
"3081","2019-09-20",688,688,600,51,6,2,2019-09-20,2019,0,88,549,45,4,2
"3082","2019-09-27",703,701,603,53,10,2,2019-09-27,2019,2,98,550,43,8,2
"3083","2019-08-20",574,572,500,35,5,2,2019-08-20,2019,2,72,465,30,3,2
"3084","2015-04-14",542,540,490,28,4,1,2015-04-14,2015,2,50,462,24,3,1
"3085","2014-11-16",429,428,382,35,11,3,2014-11-16,2014,1,46,347,24,8,3
"3086","2014-11-03",625,622,552,36,5,1,2014-11-03,2014,3,70,516,31,4,1
"3087","2019-07-01",693,691,614,51,11,1,2019-07-01,2019,2,77,563,40,10,1
"3088","2019-04-11",537,536,479,40,11,3,2019-04-11,2019,1,57,439,29,8,3
"3089","2019-05-17",726,724,634,49,10,1,2019-05-17,2019,2,90,585,39,9,1
"3090","2019-04-09",537,534,444,42,12,2,2019-04-09,2019,3,90,402,30,10,2
"3091","2018-12-17",689,684,578,39,11,1,2018-12-17,2018,5,106,539,28,10,1
"3092","2018-08-12",499,498,415,39,8,4,2018-08-12,2018,1,83,376,31,4,4
"3093","2018-09-09",556,555,472,44,7,1,2018-09-09,2018,1,83,428,37,6,1
"3094","2018-09-05",768,768,679,30,5,2,2018-09-05,2018,0,89,649,25,3,2
"3095","2018-06-28",737,734,645,36,7,0,2018-06-28,2018,3,89,609,29,7,0
"3096","2018-06-04",698,694,600,32,8,0,2018-06-04,2018,4,94,568,24,8,0
"3097","2018-04-09",625,624,533,33,5,0,2018-04-09,2018,1,91,500,28,5,0
"3098","2018-04-05",531,531,456,30,7,1,2018-04-05,2018,0,75,426,23,6,1
"3099","2013-05-01",576,575,498,36,9,1,2013-05-01,2013,1,77,462,27,8,1
"3100","2013-04-15",603,603,543,42,6,3,2013-04-15,2013,0,60,501,36,3,3
"3101","2018-01-05",700,697,587,41,8,1,2018-01-05,2018,3,110,546,33,7,1
"3102","2017-10-23",669,667,568,38,6,3,2017-10-23,2017,2,99,530,32,3,3
"3103","2017-10-09",546,544,455,39,8,2,2017-10-09,2017,2,89,416,31,6,2
"3104","2017-10-10",768,766,676,46,8,1,2017-10-10,2017,2,90,630,38,7,1
"3105","2017-08-28",584,581,496,35,8,2,2017-08-28,2017,3,85,461,27,6,2
"3106","2012-07-26",604,604,550,40,8,3,2012-07-26,2012,0,54,510,32,5,3
"3107","2017-05-20",612,611,526,39,9,2,2017-05-20,2017,1,85,487,30,7,2
"3108","2017-06-05",656,655,555,37,12,3,2017-06-05,2017,1,100,518,25,9,3
"3109","2017-05-09",651,651,585,35,6,0,2017-05-09,2017,0,66,550,29,6,0
"3110","2017-04-21",690,688,611,51,4,1,2017-04-21,2017,2,77,560,47,3,1
"3111","2022-09-07",260,260,215,17,3,1,2022-09-07,2022,0,45,198,14,2,1
"3112","2022-09-12",311,310,224,14,1,0,2022-09-12,2022,1,86,210,13,1,0
"3113","2022-09-18",293,291,221,30,8,1,2022-09-18,2022,2,70,191,22,7,1
"3114","2017-01-09",669,667,589,51,13,3,2017-01-09,2017,2,78,538,38,10,3
"3115","2017-01-03",659,655,522,40,6,0,2017-01-03,2017,4,133,482,34,6,0
"3116","2021-05-05",339,337,265,40,13,4,2021-05-05,2021,2,72,225,27,9,4
"3117","2021-07-01",319,318,245,19,2,1,2021-07-01,2021,1,73,226,17,1,1
"3118","2021-07-28",300,299,224,26,7,4,2021-07-28,2021,1,75,198,19,3,4
"3119","2021-08-03",313,312,237,28,9,2,2021-08-03,2021,1,75,209,19,7,2
"3120","2021-08-30",323,318,252,29,8,5,2021-08-30,2021,5,66,223,21,3,5
"3121","2021-09-09",294,293,235,26,6,1,2021-09-09,2021,1,58,209,20,5,1
"3122","2022-03-07",328,326,250,27,9,4,2022-03-07,2022,2,76,223,18,5,4
"3123","2022-05-02",282,280,206,24,6,2,2022-05-02,2022,2,74,182,18,4,2
"3124","2022-05-12",308,306,244,24,11,1,2022-05-12,2022,2,62,220,13,10,1
"3125","2016-10-20",662,659,564,45,11,1,2016-10-20,2016,3,95,519,34,10,1
"3126","2016-09-12",648,644,552,35,7,2,2016-09-12,2016,4,92,517,28,5,2
"3127","2016-08-31",661,660,577,38,7,3,2016-08-31,2016,1,83,539,31,4,3
"3128","2016-05-09",646,644,546,46,10,3,2016-05-09,2016,2,98,500,36,7,3
"3129","2016-04-12",638,635,565,42,13,3,2016-04-12,2016,3,70,523,29,10,3
"3130","2016-02-21",481,479,414,34,7,2,2016-02-21,2016,2,65,380,27,5,2
"3131","2022-05-29",281,281,223,31,8,4,2022-05-29,2022,0,58,192,23,4,4
"3132","2022-06-02",316,316,252,26,6,0,2022-06-02,2022,0,64,226,20,6,0
"3133","2022-07-26",275,275,208,21,5,2,2022-07-26,2022,0,67,187,16,3,2
"3134","2022-06-23",298,298,238,24,6,3,2022-06-23,2022,0,60,214,18,3,3
"3135","2022-06-28",295,294,227,27,10,5,2022-06-28,2022,1,67,200,17,5,5
"3136","2021-01-02",220,219,158,29,9,4,2021-01-02,2021,1,61,129,20,5,4
"3137","2021-04-11",215,214,172,33,11,6,2021-04-11,2021,1,42,139,22,5,6
"3138","2020-11-17",260,259,203,19,3,0,2020-11-17,2020,1,56,184,16,3,0
"3139","2020-10-31",334,330,255,30,9,3,2020-10-31,2020,4,75,225,21,6,3
"3140","2020-11-18",295,294,227,27,5,1,2020-11-18,2020,1,67,200,22,4,1
"3141","2020-05-19",229,227,191,26,9,3,2020-05-19,2020,2,36,165,17,6,3
"3142","2020-10-10",277,277,215,40,14,7,2020-10-10,2020,0,62,175,26,7,7
"3143","2020-08-18",311,309,248,37,16,5,2020-08-18,2020,2,61,211,21,11,5
"3144","2020-08-02",286,284,213,36,11,4,2020-08-02,2020,2,71,177,25,7,4
"3145","2020-07-05",290,289,224,44,17,3,2020-07-05,2020,1,65,180,27,14,3
"3146","2020-08-11",317,316,243,27,7,4,2020-08-11,2020,1,73,216,20,3,4
"3147","2020-06-26",337,337,282,44,17,3,2020-06-26,2020,0,55,238,27,14,3
"3148","2020-05-23",193,193,140,24,9,4,2020-05-23,2020,0,53,116,15,5,4
"3149","2020-06-17",244,241,183,30,10,5,2020-06-17,2020,3,58,153,20,5,5
"3150","2020-04-24",172,171,117,15,5,1,2020-04-24,2020,1,54,102,10,4,1
"3151","2020-06-21",245,245,178,35,8,2,2020-06-21,2020,0,67,143,27,6,2
"3152","2020-06-03",216,214,171,28,4,1,2020-06-03,2020,2,43,143,24,3,1
"3153","2015-07-19",545,545,503,46,6,2,2015-07-19,2015,0,42,457,40,4,2
"3154","2020-04-06",127,127,98,11,2,0,2020-04-06,2020,0,29,87,9,2,0
"3155","2020-02-26",449,449,384,29,11,2,2020-02-26,2020,0,65,355,18,9,2
"3156","2020-01-31",518,516,432,36,9,3,2020-01-31,2020,2,84,396,27,6,3
"3157","2019-12-31",443,440,357,22,6,1,2019-12-31,2019,3,83,335,16,5,1
"3158","2019-09-29",488,484,416,51,9,0,2019-09-29,2019,4,68,365,42,9,0
"3159","2019-12-05",597,596,487,26,2,1,2019-12-05,2019,1,109,461,24,1,1
"3160","2019-08-26",494,492,412,34,4,0,2019-08-26,2019,2,80,378,30,4,0
"3161","2019-05-23",722,720,625,38,9,5,2019-05-23,2019,2,95,587,29,4,5
"3162","2019-02-10",445,443,381,40,10,0,2019-02-10,2019,2,62,341,30,10,0
"3163","2019-02-23",439,438,378,36,7,3,2019-02-23,2019,1,60,342,29,4,3
"3164","2018-12-30",404,404,338,32,12,5,2018-12-30,2018,0,66,306,20,7,5
"3165","2018-09-01",529,526,430,41,11,2,2018-09-01,2018,3,96,389,30,9,2
"3166","2018-08-08",656,655,571,42,7,3,2018-08-08,2018,1,84,529,35,4,3
"3167","2018-08-14",701,701,608,47,10,3,2018-08-14,2018,0,93,561,37,7,3
"3168","2018-06-23",513,512,435,34,11,2,2018-06-23,2018,1,77,401,23,9,2
"3169","2018-05-16",686,685,601,36,7,1,2018-05-16,2018,1,84,565,29,6,1
"3170","2018-04-13",755,754,648,51,8,4,2018-04-13,2018,1,106,597,43,4,4
"3171","2018-03-29",613,609,531,38,6,2,2018-03-29,2018,4,78,493,32,4,2
"3172","2013-09-01",480,479,422,40,11,1,2013-09-01,2013,1,57,382,29,10,1
"3173","2017-12-07",693,689,594,40,8,3,2017-12-07,2017,4,95,554,32,5,3
"3174","2017-12-19",657,655,578,37,6,1,2017-12-19,2017,2,77,541,31,5,1
"3175","2017-11-20",748,746,650,45,14,4,2017-11-20,2017,2,96,605,31,10,4
"3176","2012-10-29",298,298,149,14,3,1,2012-10-29,2012,0,149,135,11,2,1
"3177","2017-05-17",753,749,641,40,9,1,2017-05-17,2017,4,108,601,31,8,1
"3178","2017-05-25",742,740,632,38,9,2,2017-05-25,2017,2,108,594,29,7,2
"3179","2017-06-08",660,656,568,34,9,1,2017-06-08,2017,4,88,534,25,8,1
"3180","2017-03-23",703,701,609,35,5,0,2017-03-23,2017,2,92,574,30,5,0
"3181","2022-09-04",250,248,203,35,9,3,2022-09-04,2022,2,45,168,26,6,3
"3182","2022-10-12",306,303,235,33,6,2,2022-10-12,2022,3,68,202,27,4,2
"3183","2022-10-08",291,291,227,41,6,2,2022-10-08,2022,0,64,186,35,4,2
"3184","2017-01-21",475,475,400,27,7,1,2017-01-21,2017,0,75,373,20,6,1
"3185","2021-04-15",270,270,196,22,2,0,2021-04-15,2021,0,74,174,20,2,0
"3186","2021-04-18",258,256,193,31,9,4,2021-04-18,2021,2,63,162,22,5,4
"3187","2021-04-19",320,319,259,22,8,2,2021-04-19,2021,1,60,237,14,6,2
"3188","2021-06-07",381,380,290,43,13,6,2021-06-07,2021,1,90,247,30,7,6
"3189","2022-01-12",248,245,179,29,8,2,2022-01-12,2022,3,66,150,21,6,2
"3190","2022-07-04",255,254,203,46,17,6,2022-07-04,2022,1,51,157,29,11,6
"3191","2021-10-21",371,370,297,28,10,6,2021-10-21,2021,1,73,269,18,4,6
"3192","2022-01-24",238,238,178,25,5,4,2022-01-24,2022,0,60,153,20,1,4
"3193","2021-08-15",314,313,254,34,6,2,2021-08-15,2021,1,59,220,28,4,2
"3194","2021-09-01",319,319,231,32,16,4,2021-09-01,2021,0,88,199,16,12,4
"3195","2022-01-30",223,223,149,13,3,1,2022-01-30,2022,0,74,136,10,2,1
"3196","2022-07-11",278,278,205,23,5,2,2022-07-11,2022,0,73,182,18,3,2
"3197","2022-02-14",304,300,234,25,4,1,2022-02-14,2022,4,66,209,21,3,1
"3198","2022-02-16",278,275,209,30,8,6,2022-02-16,2022,3,66,179,22,2,6
"3199","2022-04-29",361,360,284,26,7,3,2022-04-29,2022,1,76,258,19,4,3
"3200","2022-03-20",258,257,196,34,11,5,2022-03-20,2022,1,61,162,23,6,5
"3201","2016-09-06",626,622,544,38,6,4,2016-09-06,2016,4,78,506,32,2,4
"3202","2016-05-27",767,767,674,47,12,4,2016-05-27,2016,0,93,627,35,8,4
"3203","2022-08-18",282,279,222,22,8,1,2022-08-18,2022,3,57,200,14,7,1
"3204","2022-08-22",248,248,184,25,4,1,2022-08-22,2022,0,64,159,21,3,1
"3205","2021-03-17",243,241,200,25,8,5,2021-03-17,2021,2,41,175,17,3,5
"3206","2020-12-26",226,226,172,29,8,2,2020-12-26,2020,0,54,143,21,6,2
"3207","2020-12-25",168,168,106,13,6,2,2020-12-25,2020,0,62,93,7,4,2
"3208","2020-12-22",320,320,248,32,8,3,2020-12-22,2020,0,72,216,24,5,3
"3209","2020-12-08",282,279,217,24,5,1,2020-12-08,2020,3,62,193,19,4,1
"3210","2020-10-13",323,320,250,41,8,4,2020-10-13,2020,3,70,209,33,4,4
"3211","2020-08-25",286,285,219,30,8,2,2020-08-25,2020,1,66,189,22,6,2
"3212","2020-09-13",245,245,185,26,7,3,2020-09-13,2020,0,60,159,19,4,3
"3213","2020-08-13",275,275,221,34,6,3,2020-08-13,2020,0,54,187,28,3,3
"3214","2020-07-19",313,313,249,51,15,5,2020-07-19,2020,0,64,198,36,10,5
"3215","2020-04-17",158,158,118,13,4,0,2020-04-17,2020,0,40,105,9,4,0
"3216","2020-06-25",250,248,200,17,7,3,2020-06-25,2020,2,48,183,10,4,3
"3217","2020-05-24",197,197,150,30,8,2,2020-05-24,2020,0,47,120,22,6,2
"3218","2020-04-11",121,120,86,14,4,3,2020-04-11,2020,1,34,72,10,1,3
"3219","2019-12-23",593,591,497,38,9,3,2019-12-23,2019,2,94,459,29,6,3
"3220","2014-10-26",515,513,454,41,10,0,2014-10-26,2014,2,59,413,31,10,0
"3221","2014-10-12",473,473,427,36,8,2,2014-10-12,2014,0,46,391,28,6,2
"3222","2019-07-10",553,550,461,37,6,2,2019-07-10,2019,3,89,424,31,4,2
"3223","2019-06-19",591,589,506,26,6,2,2019-06-19,2019,2,83,480,20,4,2
"3224","2019-04-16",638,637,546,35,3,2,2019-04-16,2019,1,91,511,32,1,2
"3225","2018-08-28",715,713,612,22,4,2,2018-08-28,2018,2,101,590,18,2,2
"3226","2014-03-30",437,437,373,22,7,0,2014-03-30,2014,0,64,351,15,7,0
"3227","2018-06-18",808,805,682,53,13,4,2018-06-18,2018,3,123,629,40,9,4
"3228","2018-05-17",732,732,635,57,8,1,2018-05-17,2018,0,97,578,49,7,1
"3229","2018-03-25",491,490,412,34,10,4,2018-03-25,2018,1,78,378,24,6,4
"3230","2017-12-29",598,598,506,37,13,5,2017-12-29,2017,0,92,469,24,8,5
"3231","2017-10-22",528,528,452,51,12,3,2017-10-22,2017,0,76,401,39,9,3
"3232","2013-01-06",393,393,351,41,13,1,2013-01-06,2013,0,42,310,28,12,1
"3233","2012-08-10",617,617,564,46,6,1,2012-08-10,2012,0,53,518,40,5,1
"3234","2017-07-20",774,770,672,47,9,2,2017-07-20,2017,4,98,625,38,7,2
"3235","2017-05-13",683,682,579,41,9,1,2017-05-13,2017,1,103,538,32,8,1
"3236","2017-06-13",829,827,720,56,6,1,2017-06-13,2017,2,107,664,50,5,1
"3237","2017-01-28",501,497,426,47,13,6,2017-01-28,2017,4,71,379,34,7,6
"3238","2017-04-17",488,486,412,27,8,1,2017-04-17,2017,2,74,385,19,7,1
"3239","2017-04-12",540,539,485,18,4,0,2017-04-12,2017,1,54,467,14,4,0
"3240","2017-02-08",673,670,591,37,8,4,2017-02-08,2017,3,79,554,29,4,4
"3241","2022-10-15",267,266,202,21,10,1,2022-10-15,2022,1,64,181,11,9,1
"3242","2022-10-18",240,236,189,19,6,1,2022-10-18,2022,4,47,170,13,5,1
"3243","2016-12-13",630,630,551,32,5,1,2016-12-13,2016,0,79,519,27,4,1
"3244","2016-11-14",668,667,579,42,6,0,2016-11-14,2016,1,88,537,36,6,0
"3245","2021-05-30",256,256,188,33,10,5,2021-05-30,2021,0,68,155,23,5,5
"3246","2021-12-30",222,218,163,29,8,3,2021-12-30,2021,4,55,134,21,5,3
"3247","2021-10-08",361,360,281,36,11,2,2021-10-08,2021,1,79,245,25,9,2
"3248","2022-01-28",283,281,201,29,5,1,2022-01-28,2022,2,80,172,24,4,1
"3249","2021-11-18",351,348,255,29,2,1,2021-11-18,2021,3,93,226,27,1,1
"3250","2021-12-05",255,253,194,32,9,4,2021-12-05,2021,2,59,162,23,5,4
"3251","2022-02-28",278,277,209,19,4,0,2022-02-28,2022,1,68,190,15,4,0
"3252","2022-03-15",295,294,225,29,7,1,2022-03-15,2022,1,69,196,22,6,1
"3253","2016-11-02",665,663,582,54,13,4,2016-11-02,2016,2,81,528,41,9,4
"3254","2016-09-18",535,534,450,49,16,4,2016-09-18,2016,1,84,401,33,12,4
"3255","2016-05-22",571,570,474,39,11,4,2016-05-22,2016,1,96,435,28,7,4
"3256","2016-05-15",510,509,430,53,13,4,2016-05-15,2016,1,79,377,40,9,4
"3257","2022-05-16",298,296,226,26,8,3,2022-05-16,2022,2,70,200,18,5,3
"3258","2022-05-03",282,280,208,28,7,2,2022-05-03,2022,2,72,180,21,5,2
"3259","2020-12-06",241,241,181,35,8,2,2020-12-06,2020,0,60,146,27,6,2
"3260","2020-11-05",357,354,280,31,7,4,2020-11-05,2020,3,74,249,24,3,4
"3261","2020-07-14",320,319,239,30,9,1,2020-07-14,2020,1,80,209,21,8,1
"3262","2020-05-11",173,173,128,25,6,1,2020-05-11,2020,0,45,103,19,5,1
"3263","2020-03-27",195,195,160,6,1,1,2020-03-27,2020,0,35,154,5,0,1
"3264","2020-01-04",353,351,277,30,7,3,2020-01-04,2020,2,74,247,23,4,3
"3265","2019-11-15",621,615,520,39,8,2,2019-11-15,2019,6,95,481,31,6,2
"3266","2019-11-10",457,456,383,36,9,1,2019-11-10,2019,1,73,347,27,8,1
"3267","2019-11-12",595,593,500,29,4,4,2019-11-12,2019,2,93,471,25,0,4
"3268","2019-10-01",454,453,380,30,7,0,2019-10-01,2019,1,73,350,23,7,0
"3269","2019-08-28",553,552,480,41,9,3,2019-08-28,2019,1,72,439,32,6,3
"3270","2019-07-12",747,744,633,54,6,1,2019-07-12,2019,3,111,579,48,5,1
"3271","2019-04-10",633,632,550,43,3,2,2019-04-10,2019,1,82,507,40,1,2
"3272","2014-05-04",451,449,394,45,13,6,2014-05-04,2014,2,55,349,32,7,6
"3273","2018-11-22",412,410,352,37,8,2,2018-11-22,2018,2,58,315,29,6,2
"3274","2018-11-17",559,558,470,30,7,2,2018-11-17,2018,1,88,440,23,5,2
"3275","2018-10-10",708,705,615,42,7,0,2018-10-10,2018,3,90,573,35,7,0
"3276","2018-09-30",510,509,428,46,10,4,2018-09-30,2018,1,81,382,36,6,4
"3277","2018-07-11",627,627,540,42,8,3,2018-07-11,2018,0,87,498,34,5,3
"3278","2018-05-18",616,614,537,39,6,2,2018-05-18,2018,2,77,498,33,4,2
"3279","2018-04-06",515,513,430,37,8,2,2018-04-06,2018,2,83,393,29,6,2
"3280","2018-01-23",531,531,434,31,3,1,2018-01-23,2018,0,97,403,28,2,1
"3281","2017-12-31",462,459,380,40,11,6,2017-12-31,2017,3,79,340,29,5,6
"3282","2013-03-05",527,526,478,30,1,0,2013-03-05,2013,1,48,448,29,1,0
"3283","2018-01-21",418,417,344,28,7,1,2018-01-21,2018,1,73,316,21,6,1
"3284","2018-01-25",602,602,517,36,9,4,2018-01-25,2018,0,85,481,27,5,4
"3285","2012-09-16",458,458,424,31,3,0,2012-09-16,2012,0,34,393,28,3,0
"3286","2017-06-10",665,664,583,53,7,4,2017-06-10,2017,1,81,530,46,3,4
"3287","2017-05-26",776,775,685,58,4,0,2017-05-26,2017,1,90,627,54,4,0
"3288","2017-02-12",439,433,342,25,3,3,2017-02-12,2017,6,91,317,22,0,3
"3289","2021-06-21",361,358,290,47,13,3,2021-06-21,2021,3,68,243,34,10,3
"3290","2022-01-14",287,285,208,26,7,1,2022-01-14,2022,2,77,182,19,6,1
"3291","2021-10-13",312,312,249,24,7,3,2021-10-13,2021,0,63,225,17,4,3
"3292","2021-10-30",352,347,269,39,14,5,2021-10-30,2021,5,78,230,25,9,5
"3293","2021-12-12",266,263,208,33,10,2,2021-12-12,2021,3,55,175,23,8,2
"3294","2021-08-11",316,314,262,36,13,4,2021-08-11,2021,2,52,226,23,9,4
"3295","2022-01-26",266,264,198,17,4,0,2022-01-26,2022,2,66,181,13,4,0
"3296","2022-02-07",276,274,198,28,4,1,2022-02-07,2022,2,76,170,24,3,1
"3297","2022-07-10",248,248,188,20,7,0,2022-07-10,2022,0,60,168,13,7,0
"3298","2021-10-18",318,315,260,23,3,1,2021-10-18,2021,3,55,237,20,2,1
"3299","2022-04-22",276,274,221,17,4,3,2022-04-22,2022,2,53,204,13,1,3
"3300","2022-03-25",307,307,245,27,5,1,2022-03-25,2022,0,62,218,22,4,1
"3301","2016-08-22",669,669,576,50,8,3,2016-08-22,2016,0,93,526,42,5,3
"3302","2016-08-29",673,673,577,49,13,2,2016-08-29,2016,0,96,528,36,11,2
"3303","2016-08-01",569,564,481,38,4,1,2016-08-01,2016,5,83,443,34,3,1
"3304","2016-05-08",591,586,498,40,17,4,2016-05-08,2016,5,88,458,23,13,4
"3305","2015-11-12",637,634,550,40,10,3,2015-11-12,2015,3,84,510,30,7,3
"3306","2022-07-17",281,279,220,39,13,4,2022-07-17,2022,2,59,181,26,9,4
"3307","2021-03-22",295,293,233,33,10,4,2021-03-22,2021,2,60,200,23,6,4
"3308","2021-01-08",272,269,203,27,5,1,2021-01-08,2021,3,66,176,22,4,1
"3309","2020-12-13",265,262,209,32,14,6,2020-12-13,2020,3,53,177,18,8,6
"3310","2020-11-04",302,301,238,29,7,0,2020-11-04,2020,1,63,209,22,7,0
"3311","2020-09-03",363,360,291,41,6,1,2020-09-03,2020,3,69,250,35,5,1
"3312","2020-09-12",304,303,232,37,7,3,2020-09-12,2020,1,71,195,30,4,3
"3313","2020-08-19",286,283,227,32,11,4,2020-08-19,2020,3,56,195,21,7,4
"3314","2020-08-09",283,281,223,43,12,2,2020-08-09,2020,2,58,180,31,10,2
"3315","2020-05-21",212,210,164,25,6,0,2020-05-21,2020,2,46,139,19,6,0
"3316","2020-06-12",277,275,204,23,4,0,2020-06-12,2020,2,71,181,19,4,0
"3317","2015-07-21",606,605,554,32,5,3,2015-07-21,2015,1,51,522,27,2,3
"3318","2019-12-22",510,508,425,47,15,5,2019-12-22,2019,2,83,378,32,10,5
"3319","2020-03-18",298,297,254,20,4,1,2020-03-18,2020,1,43,234,16,3,1
"3320","2019-11-29",425,425,338,42,5,1,2019-11-29,2019,0,87,296,37,4,1
"3321","2019-07-26",650,649,572,43,10,2,2019-07-26,2019,1,77,529,33,8,2
"3322","2019-03-24",466,466,402,38,8,1,2019-03-24,2019,0,64,364,30,7,1
"3323","2019-02-20",615,613,490,44,4,1,2019-02-20,2019,2,123,446,40,3,1
"3324","2018-12-18",731,729,619,45,10,1,2018-12-18,2018,2,110,574,35,9,1
"3325","2018-11-14",688,686,593,31,6,2,2018-11-14,2018,2,93,562,25,4,2
"3326","2018-09-18",740,739,630,46,9,6,2018-09-18,2018,1,109,584,37,3,6
"3327","2018-07-18",688,686,590,34,7,2,2018-07-18,2018,2,96,556,27,5,2
"3328","2018-04-03",551,550,468,26,6,3,2018-04-03,2018,1,82,442,20,3,3
"3329","2018-05-06",495,495,424,37,8,4,2018-05-06,2018,0,71,387,29,4,4
"3330","2018-02-24",540,538,445,40,10,4,2018-02-24,2018,2,93,405,30,6,4
"3331","2013-07-13",575,574,503,44,12,1,2013-07-13,2013,1,71,459,32,11,1
"3332","2013-05-18",506,504,462,39,13,4,2013-05-18,2013,2,42,423,26,9,4
"3333","2017-12-10",513,509,426,38,10,3,2017-12-10,2017,4,83,388,28,7,3
"3334","2017-09-14",728,728,640,39,10,2,2017-09-14,2017,0,88,601,29,8,2
"3335","2012-12-23",408,408,377,33,9,4,2012-12-23,2012,0,31,344,24,5,4
"3336","2017-07-26",635,635,554,34,4,2,2017-07-26,2017,0,81,520,30,2,2
"3337","2017-06-16",657,656,568,34,2,0,2017-06-16,2017,1,88,534,32,2,0
"3338","2017-05-28",474,473,409,40,11,3,2017-05-28,2017,1,64,369,29,8,3
"3339","2017-03-25",571,570,487,33,9,3,2017-03-25,2017,1,83,454,24,6,3
"3340","2017-03-20",750,749,623,47,12,2,2017-03-20,2017,1,126,576,35,10,2
"3341","2017-02-03",609,608,520,26,5,0,2017-02-03,2017,1,88,494,21,5,0
"3342","2017-01-05",552,552,491,35,10,2,2017-01-05,2017,0,61,456,25,8,2
"3343","2022-09-29",307,307,237,20,5,1,2022-09-29,2022,0,70,217,15,4,1
"3344","2022-10-02",244,244,183,32,11,3,2022-10-02,2022,0,61,151,21,8,3
"3345","2016-12-08",635,634,547,29,6,1,2016-12-08,2016,1,87,518,23,5,1
"3346","2016-10-17",585,585,499,36,6,3,2016-10-17,2016,0,86,463,30,3,3
"3347","2021-04-17",264,264,210,33,11,3,2021-04-17,2021,0,54,177,22,8,3
"3348","2021-05-27",433,431,341,53,20,6,2021-05-27,2021,2,90,288,33,14,6
"3349","2021-05-28",358,356,284,36,7,1,2021-05-28,2021,2,72,248,29,6,1
"3350","2021-06-13",330,328,265,47,9,4,2021-06-13,2021,2,63,218,38,5,4
"3351","2021-06-18",387,386,317,39,6,0,2021-06-18,2021,1,69,278,33,6,0
"3352","2022-04-04",289,288,220,28,6,1,2022-04-04,2022,1,68,192,22,5,1
"3353","2021-07-05",322,321,250,47,20,10,2021-07-05,2021,1,71,203,27,10,10
"3354","2022-07-06",287,286,227,27,6,1,2022-07-06,2022,1,59,200,21,5,1
"3355","2021-11-25",217,214,168,25,9,4,2021-11-25,2021,3,46,143,16,5,4
"3356","2022-03-19",286,286,221,33,12,6,2022-03-19,2022,0,65,188,21,6,6
"3357","2016-10-21",851,849,722,70,15,2,2016-10-21,2016,2,127,652,55,13,2
"3358","2016-06-04",635,630,535,52,16,4,2016-06-04,2016,5,95,483,36,12,4
"3359","2016-04-25",488,486,419,19,4,0,2016-04-25,2016,2,67,400,15,4,0
"3360","2022-06-14",314,310,252,27,6,2,2022-06-14,2022,4,58,225,21,4,2
"3361","2021-02-16",213,212,166,19,4,3,2021-02-16,2021,1,46,147,15,1,3
"3362","2021-04-04",259,256,196,27,8,4,2021-04-04,2021,3,60,169,19,4,4
"3363","2021-01-04",242,241,190,31,11,5,2021-01-04,2021,1,51,159,20,6,5
"3364","2020-12-12",285,284,210,39,10,1,2020-12-12,2020,1,74,171,29,9,1
"3365","2020-10-21",338,335,255,29,6,2,2020-10-21,2020,3,80,226,23,4,2
"3366","2020-11-14",298,297,236,43,7,0,2020-11-14,2020,1,61,193,36,7,0
"3367","2020-10-07",308,307,234,33,6,4,2020-10-07,2020,1,73,201,27,2,4
"3368","2020-08-22",328,327,264,41,6,3,2020-08-22,2020,1,63,223,35,3,3
"3369","2020-08-24",320,319,249,39,10,4,2020-08-24,2020,1,70,210,29,6,4
"3370","2020-07-09",313,311,242,30,8,2,2020-07-09,2020,2,69,212,22,6,2
"3371","2020-06-09",251,250,195,27,6,2,2020-06-09,2020,1,55,168,21,4,2
"3372","2015-07-18",561,560,499,41,10,3,2015-07-18,2015,1,61,458,31,7,3
"3373","2020-06-05",248,247,190,32,7,1,2020-06-05,2020,1,57,158,25,6,1
"3374","2020-03-26",187,187,145,14,4,2,2020-03-26,2020,0,42,131,10,2,2
"3375","2020-03-25",168,168,134,13,4,1,2020-03-25,2020,0,34,121,9,3,1
"3376","2020-03-14",371,370,284,38,7,1,2020-03-14,2020,1,86,246,31,6,1
"3377","2019-05-25",520,520,448,43,7,3,2019-05-25,2019,0,72,405,36,4,3
"3378","2018-07-16",719,719,626,50,17,4,2018-07-16,2018,0,93,576,33,13,4
"3379","2018-07-10",727,725,643,58,6,0,2018-07-10,2018,2,82,585,52,6,0
"3380","2018-06-03",525,524,448,39,11,4,2018-06-03,2018,1,76,409,28,7,4
"3381","2018-03-21",477,477,376,44,9,3,2018-03-21,2018,0,101,332,35,6,3
"3382","2018-01-17",611,610,507,32,6,1,2018-01-17,2018,1,103,475,26,5,1
"3383","2017-08-25",633,630,552,47,8,2,2017-08-25,2017,3,78,505,39,6,2
"3384","2017-05-02",743,742,645,47,7,2,2017-05-02,2017,1,97,598,40,5,2
"3385","2017-05-06",685,684,596,54,12,3,2017-05-06,2017,1,88,542,42,9,3
"3386","2022-09-11",258,257,198,36,12,5,2022-09-11,2022,1,59,162,24,7,5
"3387","2016-12-27",569,568,498,46,11,1,2016-12-27,2016,1,70,452,35,10,1
"3388","2022-03-27",266,266,209,44,11,1,2022-03-27,2022,0,57,165,33,10,1
"3389","2021-05-02",330,327,257,36,8,2,2021-05-02,2021,3,70,221,28,6,2
"3390","2021-12-14",322,319,242,35,7,0,2021-12-14,2021,3,77,207,28,7,0
"3391","2021-05-29",242,242,182,25,9,4,2021-05-29,2021,0,60,157,16,5,4
"3392","2021-10-11",297,297,215,24,5,3,2021-10-11,2021,0,82,191,19,2,3
"3393","2021-12-28",221,221,168,22,5,2,2021-12-28,2021,0,53,146,17,3,2
"3394","2021-06-30",361,361,274,30,6,3,2021-06-30,2021,0,87,244,24,3,3
"3395","2021-10-20",365,363,287,32,8,3,2021-10-20,2021,2,76,255,24,5,3
"3396","2021-11-22",314,311,242,27,6,1,2021-11-22,2021,3,69,215,21,5,1
"3397","2022-07-12",265,262,199,16,5,1,2022-07-12,2022,3,63,183,11,4,1
"3398","2022-07-13",307,305,238,29,6,2,2022-07-13,2022,2,67,209,23,4,2
"3399","2022-03-13",274,273,208,28,8,1,2022-03-13,2022,1,65,180,20,7,1
"3400","2022-07-19",291,288,235,26,9,3,2022-07-19,2022,3,53,209,17,6,3
"3401","2022-05-22",319,318,244,33,14,3,2022-05-22,2022,1,74,211,19,11,3
"3402","2022-06-20",280,279,215,26,8,1,2022-06-20,2022,1,64,189,18,7,1
"3403","2021-04-09",281,281,221,35,12,4,2021-04-09,2021,0,60,186,23,8,4
"3404","2020-04-13",138,137,84,14,6,3,2020-04-13,2020,1,53,70,8,3,3
"3405","2020-10-05",302,302,224,24,7,1,2020-10-05,2020,0,78,200,17,6,1
"3406","2020-09-20",275,272,202,36,13,4,2020-09-20,2020,3,70,166,23,9,4
"3407","2020-09-21",310,310,238,29,15,5,2020-09-21,2020,0,72,209,14,10,5
"3408","2020-05-18",185,184,133,18,5,1,2020-05-18,2020,1,51,115,13,4,1
"3409","2020-05-20",192,191,136,18,6,2,2020-05-20,2020,1,55,118,12,4,2
"3410","2019-12-29",384,380,296,17,5,1,2019-12-29,2019,4,84,279,12,4,1
"3411","2019-08-08",646,644,548,37,10,1,2019-08-08,2019,2,96,511,27,9,1
"3412","2018-06-24",553,552,477,34,12,3,2018-06-24,2018,1,75,443,22,9,3
"3413","2018-06-07",693,690,611,44,4,2,2018-06-07,2018,3,79,567,40,2,2
"3414","2018-05-09",711,708,628,48,9,2,2018-05-09,2018,3,80,580,39,7,2
"3415","2018-03-04",457,454,384,28,12,4,2018-03-04,2018,3,70,356,16,8,4
"3416","2018-02-25",448,446,357,34,5,2,2018-02-25,2018,2,89,323,29,3,2
"3417","2018-02-13",613,612,513,40,7,1,2018-02-13,2018,1,99,473,33,6,1
"3418","2017-10-21",583,582,500,28,2,0,2017-10-21,2017,1,82,472,26,2,0
"3419","2017-09-09",608,606,525,52,13,1,2017-09-09,2017,2,81,473,39,12,1
"3420","2012-09-03",373,373,334,33,8,2,2012-09-03,2012,0,39,301,25,6,2
"3421","2017-06-24",753,753,648,62,14,3,2017-06-24,2017,0,105,586,48,11,3
"3422","2017-05-07",514,512,436,40,13,4,2017-05-07,2017,2,76,396,27,9,4
"3423","2017-04-14",515,511,439,34,7,2,2017-04-14,2017,4,72,405,27,5,2
"3424","2017-04-02",514,512,423,44,8,2,2017-04-02,2017,2,89,379,36,6,2
"3425","2017-02-17",680,677,581,48,9,1,2017-02-17,2017,3,96,533,39,8,1
"3426","2022-09-23",314,311,241,25,8,5,2022-09-23,2022,3,70,216,17,3,5
"3427","2016-11-22",765,762,671,31,5,1,2016-11-22,2016,3,91,640,26,4,1
"3428","2016-11-26",463,462,397,36,8,2,2016-11-26,2016,1,65,361,28,6,2
"3429","2022-06-29",304,303,248,31,8,3,2022-06-29,2022,1,55,217,23,5,3
"3430","2021-06-01",355,354,283,40,9,3,2021-06-01,2021,1,71,243,31,6,3
"3431","2022-01-07",296,296,204,32,6,2,2022-01-07,2022,0,92,172,26,4,2
"3432","2022-02-17",266,263,200,19,7,1,2022-02-17,2022,3,63,181,12,6,1
"3433","2021-11-06",335,334,255,37,12,4,2021-11-06,2021,1,79,218,25,8,4
"3434","2022-03-08",259,259,199,24,4,0,2022-03-08,2022,0,60,175,20,4,0
"3435","2022-03-21",292,291,223,25,7,1,2022-03-21,2022,1,68,198,18,6,1
"3436","2016-08-26",756,755,657,45,12,3,2016-08-26,2016,1,98,612,33,9,3
"3437","2016-03-13",435,435,377,35,5,0,2016-03-13,2016,0,58,342,30,5,0
"3438","2022-07-23",305,301,241,49,14,3,2022-07-23,2022,4,60,192,35,11,3
"3439","2022-06-11",305,303,253,33,10,2,2022-06-11,2022,2,50,220,23,8,2
"3440","2022-06-17",369,368,289,25,6,0,2022-06-17,2022,1,79,264,19,6,0
"3441","2020-12-18",278,277,204,27,7,1,2020-12-18,2020,1,73,177,20,6,1
"3442","2020-11-22",222,220,168,32,5,2,2020-11-22,2020,2,52,136,27,3,2
"3443","2020-09-06",293,292,238,40,15,6,2020-09-06,2020,1,54,198,25,9,6
"3444","2020-09-02",309,308,242,22,6,3,2020-09-02,2020,1,66,220,16,3,3
"3445","2020-10-04",269,267,202,35,11,2,2020-10-04,2020,2,65,167,24,9,2
"3446","2020-08-03",353,352,272,36,11,4,2020-08-03,2020,1,80,236,25,7,4
"3447","2020-03-29",146,146,94,21,8,3,2020-03-29,2020,0,52,73,13,5,3
"3448","2020-03-02",562,560,470,32,8,0,2020-03-02,2020,2,90,438,24,8,0
"3449","2020-03-03",550,544,453,28,5,1,2020-03-03,2020,6,91,425,23,4,1
"3450","2020-01-07",408,405,321,30,10,3,2020-01-07,2020,3,84,291,20,7,3
"3451","2019-07-06",471,470,386,51,12,3,2019-07-06,2019,1,84,335,39,9,3
"3452","2019-01-12",520,519,444,39,6,1,2019-01-12,2019,1,75,405,33,5,1
"3453","2018-11-19",697,694,590,41,8,1,2018-11-19,2018,3,104,549,33,7,1
"3454","2018-10-28",556,554,456,45,14,5,2018-10-28,2018,2,98,411,31,9,5
"3455","2018-09-20",659,657,560,42,12,3,2018-09-20,2018,2,97,518,30,9,3
"3456","2018-05-15",778,772,641,44,11,5,2018-05-15,2018,6,131,597,33,6,5
"3457","2018-03-17",562,561,472,36,6,0,2018-03-17,2018,1,89,436,30,6,0
"3458","2018-02-28",654,651,574,50,9,4,2018-02-28,2018,3,77,524,41,5,4
"3459","2018-02-06",545,543,472,28,5,1,2018-02-06,2018,2,71,444,23,4,1
"3460","2018-01-09",684,683,566,39,7,2,2018-01-09,2018,1,117,527,32,5,2
"3461","2017-10-18",737,734,628,38,11,3,2017-10-18,2017,3,106,590,27,8,3
"3462","2017-09-17",586,585,506,50,11,3,2017-09-17,2017,1,79,456,39,8,3
"3463","2022-09-08",301,301,241,31,6,2,2022-09-08,2022,0,60,210,25,4,2
"3464","2021-12-15",285,284,208,25,1,0,2021-12-15,2021,1,76,183,24,1,0
"3465","2022-01-03",205,203,154,22,6,2,2022-01-03,2022,2,49,132,16,4,2
"3466","2021-06-29",350,348,284,42,8,2,2021-06-29,2021,2,64,242,34,6,2
"3467","2021-07-13",298,293,234,23,6,2,2021-07-13,2021,5,59,211,17,4,2
"3468","2022-01-23",227,225,168,33,12,6,2022-01-23,2022,2,57,135,21,6,6
"3469","2021-08-06",355,354,290,40,7,3,2021-08-06,2021,1,64,250,33,4,3
"3470","2021-09-07",337,336,275,42,14,4,2021-09-07,2021,1,61,233,28,10,4
"3471","2021-11-08",329,326,259,40,5,2,2021-11-08,2021,3,67,219,35,3,2
"3472","2021-11-20",305,302,237,44,18,3,2021-11-20,2021,3,65,193,26,15,3
"3473","2022-07-14",269,266,195,25,2,0,2022-07-14,2022,3,71,170,23,2,0
"3474","2016-05-30",471,470,387,34,6,0,2016-05-30,2016,1,83,353,28,6,0
"3475","2022-07-31",287,287,235,38,15,4,2022-07-31,2022,0,52,197,23,11,4
"3476","2021-04-03",281,279,221,40,17,1,2021-04-03,2021,2,58,181,23,16,1
"3477","2021-01-25",259,258,199,25,3,0,2021-01-25,2021,1,59,174,22,3,0
"3478","2020-09-09",292,291,237,24,6,4,2020-09-09,2020,1,54,213,18,2,4
"3479","2020-07-24",312,311,237,22,8,2,2020-07-24,2020,1,74,215,14,6,2
"3480","2020-03-15",331,328,268,34,14,2,2020-03-15,2020,3,60,234,20,12,2
"3481","2018-11-11",500,499,424,35,8,3,2018-11-11,2018,1,75,389,27,5,3
"3482","2018-07-04",406,406,347,31,7,4,2018-07-04,2018,0,59,316,24,3,4
"3483","2018-06-05",688,687,603,51,12,2,2018-06-05,2018,1,84,552,39,10,2
"3484","2018-06-09",706,706,615,49,8,2,2018-06-09,2018,0,91,566,41,6,2
"3485","2018-01-22",559,553,460,37,7,3,2018-01-22,2018,6,93,423,30,4,3
"3486","2017-11-18",629,626,535,53,13,4,2017-11-18,2017,3,91,482,40,9,4
"3487","2017-04-06",713,710,621,34,7,3,2017-04-06,2017,3,89,587,27,4,3
"3488","2021-06-17",388,385,309,40,13,3,2021-06-17,2021,3,76,269,27,10,3
"3489","2022-04-05",252,251,189,27,7,2,2022-04-05,2022,1,62,162,20,5,2
"3490","2022-02-03",248,243,167,15,6,0,2022-02-03,2022,5,76,152,9,6,0
"3491","2022-02-02",268,267,196,20,4,1,2022-02-02,2022,1,71,176,16,3,1
"3492","2022-02-24",220,219,163,19,2,0,2022-02-24,2022,1,56,144,17,2,0
"3493","2016-10-23",534,530,446,45,10,2,2016-10-23,2016,4,84,401,35,8,2
"3494","2022-08-04",299,297,231,24,5,2,2022-08-04,2022,2,66,207,19,3,2
"3495","2022-08-21",271,270,214,27,4,0,2022-08-21,2022,1,56,187,23,4,0
"3496","2020-12-11",348,347,275,38,9,3,2020-12-11,2020,1,72,237,29,6,3
"3497","2020-10-27",262,261,206,26,4,0,2020-10-27,2020,1,55,180,22,4,0
"3498","2020-10-20",336,334,259,31,9,3,2020-10-20,2020,2,75,228,22,6,3
"3499","2020-05-30",226,226,182,29,8,2,2020-05-30,2020,0,44,153,21,6,2
"3500","2019-11-24",517,515,419,46,14,3,2019-11-24,2019,2,96,373,32,11,3
"3501","2018-11-23",476,475,386,32,8,0,2018-11-23,2018,1,89,354,24,8,0
"3502","2017-11-23",469,469,398,42,6,3,2017-11-23,2017,0,71,356,36,3,3
"3503","2017-06-25",590,590,504,38,5,1,2017-06-25,2017,0,86,466,33,4,1
"3504","2017-04-16",481,481,409,38,12,3,2017-04-16,2017,0,72,371,26,9,3
"3505","2017-03-05",489,489,419,42,11,3,2017-03-05,2017,0,70,377,31,8,3
"3506","2017-03-11",548,547,473,32,7,2,2017-03-11,2017,1,74,441,25,5,2
"3507","2017-01-19",610,609,546,29,5,0,2017-01-19,2017,1,63,517,24,5,0
"3508","2022-04-24",270,268,219,32,15,6,2022-04-24,2022,2,49,187,17,9,6
"3509","2021-12-23",302,301,223,36,11,4,2021-12-23,2021,1,78,187,25,7,4
"3510","2021-10-07",368,368,288,35,11,3,2021-10-07,2021,0,80,253,24,8,3
"3511","2021-06-14",329,329,248,21,6,1,2021-06-14,2021,0,81,227,15,5,1
"3512","2022-01-19",252,251,196,29,5,2,2022-01-19,2022,1,55,167,24,3,2
"3513","2022-04-13",296,296,230,23,6,0,2022-04-13,2022,0,66,207,17,6,0
"3514","2022-04-26",244,244,196,25,7,4,2022-04-26,2022,0,48,171,18,3,4
"3515","2022-09-03",294,293,242,45,11,3,2022-09-03,2022,1,51,197,34,8,3
"3516","2020-12-29",244,244,184,20,5,0,2020-12-29,2020,0,60,164,15,5,0
"3517","2021-01-09",244,241,185,24,8,3,2021-01-09,2021,3,56,161,16,5,3
"3518","2021-01-01",257,254,185,31,12,6,2021-01-01,2021,3,69,154,19,6,6
"3519","2020-08-31",294,291,230,32,3,1,2020-08-31,2020,3,61,198,29,2,1
"3520","2020-08-16",279,278,199,36,11,2,2020-08-16,2020,1,79,163,25,9,2
"3521","2020-06-30",278,276,212,35,12,6,2020-06-30,2020,2,64,177,23,6,6
"3522","2020-07-12",292,290,219,40,13,6,2020-07-12,2020,2,71,179,27,7,6
"3523","2020-05-29",258,253,192,27,8,1,2020-05-29,2020,5,61,165,19,7,1
"3524","2020-05-10",163,163,118,18,6,1,2020-05-10,2020,0,45,100,12,5,1
"3525","2020-02-15",440,439,375,40,9,1,2020-02-15,2020,1,64,335,31,8,1
"3526","2019-07-16",658,657,567,41,7,5,2019-07-16,2019,1,90,526,34,2,5
"3527","2018-07-22",540,538,409,46,20,6,2018-07-22,2018,2,129,363,26,14,6
"3528","2018-02-21",601,599,519,33,9,4,2018-02-21,2018,2,80,486,24,5,4
"3529","2018-02-23",548,544,463,34,7,2,2018-02-23,2018,4,81,429,27,5,2
"3530","2018-01-04",464,461,371,30,3,1,2018-01-04,2018,3,90,341,27,2,1
"3531","2016-12-07",637,637,539,34,8,3,2016-12-07,2016,0,98,505,26,5,3
"3532","2016-11-08",620,619,514,50,10,0,2016-11-08,2016,1,105,464,40,10,0
"3533","2021-09-29",343,341,276,31,10,2,2021-09-29,2021,2,65,245,21,8,2
"3534","2021-07-22",329,329,270,19,5,1,2021-07-22,2021,0,59,251,14,4,1
"3535","2021-08-29",358,356,283,45,12,3,2021-08-29,2021,2,73,238,33,9,3
"3536","2021-11-05",386,382,295,34,9,0,2021-11-05,2021,4,87,261,25,9,0
"3537","2021-09-04",341,340,279,37,9,5,2021-09-04,2021,1,61,242,28,4,5
"3538","2022-02-12",237,236,168,29,12,4,2022-02-12,2022,1,68,139,17,8,4
"3539","2021-11-28",271,268,201,32,7,3,2021-11-28,2021,3,67,169,25,4,3
"3540","2016-10-05",695,693,602,42,7,2,2016-10-05,2016,2,91,560,35,5,2
"3541","2021-02-26",301,298,238,32,14,3,2021-02-26,2021,3,60,206,18,11,3
"3542","2021-01-16",265,264,198,38,13,4,2021-01-16,2021,1,66,160,25,9,4
"3543","2021-01-14",253,252,187,30,4,2,2021-01-14,2021,1,65,157,26,2,2
"3544","2020-05-31",208,204,147,23,6,1,2020-05-31,2020,4,57,124,17,5,1
"3545","2017-07-25",595,593,510,43,8,4,2017-07-25,2017,2,83,467,35,4,4
"3546","2017-02-22",477,477,414,31,7,0,2017-02-22,2017,0,63,383,24,7,0
"3547","2022-09-30",322,320,252,34,11,5,2022-09-30,2022,2,68,218,23,6,5
"3548","2022-03-29",272,271,205,30,10,1,2022-03-29,2022,1,66,175,20,9,1
"3549","2021-05-13",318,317,252,28,4,0,2021-05-13,2021,1,65,224,24,4,0
"3550","2021-10-01",385,381,305,28,6,2,2021-10-01,2021,4,76,277,22,4,2
"3551","2021-12-27",207,207,159,19,4,1,2021-12-27,2021,0,48,140,15,3,1
"3552","2022-01-11",255,255,205,24,8,1,2022-01-11,2022,0,50,181,16,7,1
"3553","2022-04-07",282,282,216,33,13,3,2022-04-07,2022,0,66,183,20,10,3
"3554","2021-10-27",323,321,250,23,5,0,2021-10-27,2021,2,71,227,18,5,0
"3555","2021-10-28",344,341,256,35,10,4,2021-10-28,2021,3,85,221,25,6,4
"3556","2021-10-12",321,317,257,30,6,1,2021-10-12,2021,4,60,227,24,5,1
"3557","2022-07-28",297,296,240,27,4,1,2022-07-28,2022,1,56,213,23,3,1
"3558","2021-02-01",239,239,157,20,6,1,2021-02-01,2021,0,82,137,14,5,1
"3559","2020-05-28",209,209,159,26,9,3,2020-05-28,2020,0,50,133,17,6,3
"3560","2020-05-15",242,242,182,32,10,3,2020-05-15,2020,0,60,150,22,7,3
"3561","2019-09-07",489,488,410,34,4,1,2019-09-07,2019,1,78,376,30,3,1
"3562","2019-01-01",430,425,327,49,14,4,2019-01-01,2019,5,98,278,35,10,4
"3563","2018-09-23",475,475,408,49,15,3,2018-09-23,2018,0,67,359,34,12,3
"3564","2018-09-02",528,527,439,48,11,4,2018-09-02,2018,1,88,391,37,7,4
"3565","2022-08-20",309,306,233,33,9,3,2022-08-20,2022,3,73,200,24,6,3
"3566","2016-10-16",503,501,415,38,10,2,2016-10-16,2016,2,86,377,28,8,2
"3567","2021-12-17",305,303,247,18,6,1,2021-12-17,2021,2,56,229,12,5,1
"3568","2021-04-21",283,283,222,31,4,2,2021-04-21,2021,0,61,191,27,2,2
"3569","2021-09-19",318,317,242,35,12,3,2021-09-19,2021,1,75,207,23,9,3
"3570","2021-11-24",368,368,291,30,9,3,2021-11-24,2021,0,77,261,21,6,3
"3571","2016-05-14",589,588,500,38,11,2,2016-05-14,2016,1,88,462,27,9,2
"3572","2020-12-03",252,247,189,31,11,4,2020-12-03,2020,5,58,158,20,7,4
"3573","2021-01-07",285,282,220,29,10,2,2021-01-07,2021,3,62,191,19,8,2
"3574","2020-12-02",235,233,184,31,8,3,2020-12-02,2020,2,49,153,23,5,3
"3575","2020-04-14",135,135,92,17,4,1,2020-04-14,2020,0,43,75,13,3,1
"3576","2019-08-03",566,565,482,44,11,2,2019-08-03,2019,1,83,438,33,9,2
"3577","2018-12-04",684,681,591,35,9,3,2018-12-04,2018,3,90,556,26,6,3
"3578","2018-08-04",605,605,518,43,10,4,2018-08-04,2018,0,87,475,33,6,4
"3579","2018-07-20",700,700,617,28,4,1,2018-07-20,2018,0,83,589,24,3,1
"3580","2018-05-27",487,487,411,46,18,6,2018-05-27,2018,0,76,365,28,12,6
"3581","2018-03-01",619,617,507,38,6,1,2018-03-01,2018,2,110,469,32,5,1
"3582","2017-08-09",655,653,570,32,5,2,2017-08-09,2017,2,83,538,27,3,2
"3583","2021-10-10",269,266,212,31,8,6,2021-10-10,2021,3,54,181,23,2,6
"3584","2016-07-31",529,527,434,46,13,6,2016-07-31,2016,2,93,388,33,7,6
"3585","2021-02-14",184,184,147,14,2,0,2021-02-14,2021,0,37,133,12,2,0
"3586","2020-09-28",300,298,229,28,9,3,2020-09-28,2020,2,69,201,19,6,3
"3587","2020-04-19",102,100,72,14,8,3,2020-04-19,2020,2,28,58,6,5,3
"3588","2018-04-01",399,399,329,40,8,4,2018-04-01,2018,0,70,289,32,4,4
"3589","2017-08-27",498,497,417,44,8,2,2017-08-27,2017,1,80,373,36,6,2
"3590","2017-09-11",735,733,656,46,7,2,2017-09-11,2017,2,77,610,39,5,2
"3591","2017-02-19",438,438,361,41,14,5,2017-02-19,2017,0,77,320,27,9,5
"3592","2017-02-04",541,540,475,35,10,5,2017-02-04,2017,1,65,440,25,5,5
"3593","2016-12-14",689,688,597,44,4,0,2016-12-14,2016,1,91,553,40,4,0
"3594","2021-06-06",367,362,278,54,16,2,2021-06-06,2021,5,84,224,38,14,2
"3595","2021-12-31",232,230,169,26,5,2,2021-12-31,2021,2,61,143,21,3,2
"3596","2022-01-31",311,311,236,27,4,0,2022-01-31,2022,0,75,209,23,4,0
"3597","2016-10-10",539,537,455,36,10,2,2016-10-10,2016,2,82,419,26,8,2
"3598","2016-10-02",486,485,405,34,8,2,2016-10-02,2016,1,80,371,26,6,2
"3599","2022-05-28",293,293,225,40,12,3,2022-05-28,2022,0,68,185,28,9,3
"3600","2022-08-13",306,301,222,38,12,1,2022-08-13,2022,5,79,184,26,11,1
"3601","2022-08-15",241,241,187,21,4,0,2022-08-15,2022,0,54,166,17,4,0
"3602","2021-02-20",257,255,200,41,11,3,2021-02-20,2021,2,55,159,30,8,3
"3603","2020-12-28",217,217,169,27,6,1,2020-12-28,2020,0,48,142,21,5,1
"3604","2021-01-18",225,224,165,23,6,0,2021-01-18,2021,1,59,142,17,6,0
"3605","2020-10-22",264,262,203,22,7,2,2020-10-22,2020,2,59,181,15,5,2
"3606","2020-11-20",358,356,265,28,6,3,2020-11-20,2020,2,91,237,22,3,3
"3607","2020-07-04",278,278,214,29,9,5,2020-07-04,2020,0,64,185,20,4,5
"3608","2018-05-26",601,600,509,48,7,2,2018-05-26,2018,1,91,461,41,5,2
"3609","2017-12-24",469,467,392,43,10,3,2017-12-24,2017,2,75,349,33,7,3
"3610","2022-11-01",176,176,141,13,7,4,2022-11-01,2022,0,35,128,6,3,4
"3611","2021-06-10",370,368,302,41,9,3,2021-06-10,2021,2,66,261,32,6,3
"3612","2021-06-23",353,351,280,27,7,3,2021-06-23,2021,2,71,253,20,4,3
"3613","2022-01-13",268,267,206,30,4,1,2022-01-13,2022,1,61,176,26,3,1
"3614","2021-07-12",303,303,232,29,7,3,2021-07-12,2021,0,71,203,22,4,3
"3615","2021-03-07",216,215,165,28,7,4,2021-03-07,2021,1,50,137,21,3,4
"3616","2021-01-22",254,253,201,29,9,1,2021-01-22,2021,1,52,172,20,8,1
"3617","2020-07-18",316,316,244,39,13,3,2020-07-18,2020,0,72,205,26,10,3
"3618","2020-06-16",259,259,206,20,6,1,2020-06-16,2020,0,53,186,14,5,1
"3619","2020-06-15",223,223,169,30,7,1,2020-06-15,2020,0,54,139,23,6,1
"3620","2020-05-26",224,224,176,23,6,1,2020-05-26,2020,0,48,153,17,5,1
"3621","2020-02-18",428,428,365,27,6,2,2020-02-18,2020,0,63,338,21,4,2
"3622","2019-03-20",584,582,472,31,9,5,2019-03-20,2019,2,110,441,22,4,5
"3623","2018-06-02",622,620,547,44,5,3,2018-06-02,2018,2,73,503,39,2,3
"3624","2018-02-26",557,556,475,25,4,1,2018-02-26,2018,1,81,450,21,3,1
"3625","2018-01-02",654,651,550,42,10,2,2018-01-02,2018,3,101,508,32,8,2
"3626","2017-11-26",485,482,409,44,13,3,2017-11-26,2017,3,73,365,31,10,3
"3627","2017-08-26",570,570,497,40,8,4,2017-08-26,2017,0,73,457,32,4,4
"3628","2017-05-08",638,636,541,39,7,1,2017-05-08,2017,2,95,502,32,6,1
"3629","2022-10-05",237,236,175,18,3,2,2022-10-05,2022,1,61,157,15,1,2
"3630","2016-08-30",622,621,537,46,4,0,2016-08-30,2016,1,84,491,42,4,0
"3631","2022-01-02",176,175,128,20,7,1,2022-01-02,2022,1,47,108,13,6,1
"3632","2021-07-08",305,304,240,26,4,0,2021-07-08,2021,1,64,214,22,4,0
"3633","2021-11-15",343,343,275,31,7,2,2021-11-15,2021,0,68,244,24,5,2
"3634","2021-02-18",256,254,183,28,7,3,2021-02-18,2021,2,71,155,21,4,3
"3635","2021-01-03",186,181,117,21,7,4,2021-01-03,2021,5,64,96,14,3,4
"3636","2020-05-04",174,174,131,14,3,0,2020-05-04,2020,0,43,117,11,3,0
"3637","2017-02-13",642,641,504,31,7,2,2017-02-13,2017,1,137,473,24,5,2
"3638","2017-01-23",667,661,492,33,6,3,2017-01-23,2017,6,169,459,27,3,3
"3639","2021-10-09",268,266,212,35,10,2,2021-10-09,2021,2,54,177,25,8,2
"3640","2021-02-02",238,238,163,13,3,1,2021-02-02,2021,0,75,150,10,2,1
"3641","2021-03-08",250,249,178,24,5,1,2021-03-08,2021,1,71,154,19,4,1
"3642","2021-02-03",246,246,185,14,3,0,2021-02-03,2021,0,61,171,11,3,0
"3643","2020-09-22",307,307,236,30,10,3,2020-09-22,2020,0,71,206,20,7,3
"3644","2017-12-25",333,333,276,32,11,2,2017-12-25,2017,0,57,244,21,9,2
"3645","2021-06-26",375,375,290,49,22,5,2021-06-26,2021,0,85,241,27,17,5
"3646","2022-02-19",237,236,184,32,5,0,2022-02-19,2022,1,52,152,27,5,0
"3647","2022-03-02",246,244,185,24,12,6,2022-03-02,2022,2,59,161,12,6,6
"3648","2020-12-19",251,250,189,29,9,3,2020-12-19,2020,1,61,160,20,6,3
"3649","2020-08-12",293,291,224,24,11,4,2020-08-12,2020,2,67,200,13,7,4
"3650","2020-03-24",201,201,153,9,3,2,2020-03-24,2020,0,48,144,6,1,2
"3651","2020-01-23",451,449,369,25,6,2,2020-01-23,2020,2,80,344,19,4,2
"3652","2019-09-30",435,433,377,25,4,1,2019-09-30,2019,2,56,352,21,3,1
"3653","2019-03-04",503,499,381,20,2,1,2019-03-04,2019,4,118,361,18,1,1
"3654","2018-04-08",468,466,395,34,11,4,2018-04-08,2018,2,71,361,23,7,4
"3655","2017-04-10",634,633,546,34,7,3,2017-04-10,2017,1,87,512,27,4,3
"3656","2017-04-09",541,539,462,43,9,3,2017-04-09,2017,2,77,419,34,6,3
"3657","2022-09-09",361,361,276,37,10,5,2022-09-09,2022,0,85,239,27,5,5
"3658","2016-12-10",555,555,474,37,6,3,2016-12-10,2016,0,81,437,31,3,3
"3659","2021-03-10",224,224,169,20,7,3,2021-03-10,2021,0,55,149,13,4,3
"3660","2021-01-26",263,261,186,20,9,2,2021-01-26,2021,2,75,166,11,7,2
"3661","2021-01-12",278,278,223,33,8,0,2021-01-12,2021,0,55,190,25,8,0
"3662","2020-09-01",337,335,267,29,11,0,2020-09-01,2020,2,68,238,18,11,0
"3663","2020-05-05",174,174,129,18,6,2,2020-05-05,2020,0,45,111,12,4,2
"3664","2020-03-30",164,163,134,17,1,0,2020-03-30,2020,1,29,117,16,1,0
"3665","2019-12-30",518,514,399,23,4,2,2019-12-30,2019,4,115,376,19,2,2
"3666","2018-12-25",328,327,280,35,10,3,2018-12-25,2018,1,47,245,25,7,3
"3667","2018-02-03",478,478,401,35,7,1,2018-02-03,2018,0,77,366,28,6,1
"3668","2017-11-24",502,501,418,41,11,4,2017-11-24,2017,1,83,377,30,7,4
"3669","2021-12-11",307,303,230,40,15,5,2021-12-11,2021,4,73,190,25,10,5
"3670","2022-04-16",282,279,218,32,7,1,2022-04-16,2022,3,61,186,25,6,1
"3671","2022-08-24",228,227,187,15,3,0,2022-08-24,2022,1,40,172,12,3,0
"3672","2020-09-15",301,300,247,23,5,2,2020-09-15,2020,1,53,224,18,3,2
"3673","2018-07-05",720,718,624,54,12,2,2018-07-05,2018,2,94,570,42,10,2
"3674","2018-04-07",487,486,419,32,7,2,2018-04-07,2018,1,67,387,25,5,2
"3675","2018-01-31",596,595,517,45,7,2,2018-01-31,2018,1,78,472,38,5,2
"3676","2017-11-25",456,454,379,33,13,2,2017-11-25,2017,2,75,346,20,11,2
"3677","2022-09-21",331,328,246,21,4,1,2022-09-21,2022,3,82,225,17,3,1
"3678","2017-01-18",549,546,461,29,7,0,2017-01-18,2017,3,85,432,22,7,0
"3679","2022-02-13",229,227,163,21,6,2,2022-02-13,2022,2,64,142,15,4,2
"3680","2020-05-27",239,239,193,25,8,1,2020-05-27,2020,0,46,168,17,7,1
"3681","2018-02-04",541,535,428,34,7,0,2018-02-04,2018,6,107,394,27,7,0
"3682","2022-08-09",283,280,225,25,2,1,2022-08-09,2022,3,55,200,23,1,1
"3683","2017-01-11",629,626,523,33,10,5,2017-01-11,2017,3,103,490,23,5,5
"3684","2022-08-17",260,260,209,25,6,1,2022-08-17,2022,0,51,184,19,5,1
"3685","2021-02-05",326,326,246,27,7,2,2021-02-05,2021,0,80,219,20,5,2
"3686","2021-01-30",284,284,207,33,4,0,2021-01-30,2021,0,77,174,29,4,0
"3687","2020-12-20",194,194,139,19,7,0,2020-12-20,2020,0,55,120,12,7,0
"3688","2020-10-18",305,304,227,38,14,5,2020-10-18,2020,1,77,189,24,9,5
"3689","2020-04-15",139,139,111,25,11,2,2020-04-15,2020,0,28,86,14,9,2
"3690","2020-04-07",129,128,93,13,3,1,2020-04-07,2020,1,35,80,10,2,1
"3691","2022-03-26",288,287,220,30,8,1,2022-03-26,2022,1,67,190,22,7,1
"3692","2021-12-26",186,186,134,24,6,1,2021-12-26,2021,0,52,110,18,5,1
"3693","2022-04-27",314,314,260,33,10,2,2022-04-27,2022,0,54,227,23,8,2
"3694","2020-08-20",306,304,240,30,8,3,2020-08-20,2020,2,64,210,22,5,3
"3695","2020-05-13",212,212,172,25,4,1,2020-05-13,2020,0,40,147,21,3,1
"3696","2020-03-22",139,137,116,16,8,5,2020-03-22,2020,2,21,100,8,3,5
"3697","2018-04-23",675,672,580,44,14,4,2018-04-23,2018,3,92,536,30,10,4
"3698","2017-05-29",371,371,294,29,2,0,2017-05-29,2017,0,77,265,27,2,0
"3699","2017-01-30",545,543,461,38,6,2,2017-01-30,2017,2,82,423,32,4,2
"3700","2022-09-13",322,322,251,23,5,3,2022-09-13,2022,0,71,228,18,2,3
"3701","2022-01-15",235,233,174,40,11,4,2022-01-15,2022,2,59,134,29,7,4
"3702","2022-04-18",239,238,189,23,4,0,2022-04-18,2022,1,49,166,19,4,0
"3703","2016-10-31",655,655,558,44,9,0,2016-10-31,2016,0,97,514,35,9,0
"3704","2019-01-10",580,577,485,35,10,2,2019-01-10,2019,3,92,450,25,8,2
"3705","2018-05-13",529,529,447,46,10,3,2018-05-13,2018,0,82,401,36,7,3
"3706","2017-09-25",726,723,625,38,7,3,2017-09-25,2017,3,98,587,31,4,3
"3707","2021-02-07",243,243,203,27,7,3,2021-02-07,2021,0,40,176,20,4,3
"3708","2020-08-21",348,346,259,23,3,2,2020-08-21,2020,2,87,236,20,1,2
"3709","2020-05-07",175,175,139,17,2,1,2020-05-07,2020,0,36,122,15,1,1
"3710","2018-05-19",583,580,499,32,4,1,2018-05-19,2018,3,81,467,28,3,1
"3711","2018-02-19",435,435,360,20,2,0,2018-02-19,2018,0,75,340,18,2,0
"3712","2017-02-28",591,591,497,38,6,2,2017-02-28,2017,0,94,459,32,4,2
"3713","2022-08-16",289,289,232,34,9,2,2022-08-16,2022,0,57,198,25,7,2
"3714","2021-03-26",336,335,265,38,13,3,2021-03-26,2021,1,70,227,25,10,3
"3715","2020-07-01",259,258,203,19,7,2,2020-07-01,2020,1,55,184,12,5,2
"3716","2020-05-08",177,176,130,21,7,3,2020-05-08,2020,1,46,109,14,4,3
"3717","2019-01-13",374,372,308,27,6,3,2019-01-13,2019,2,64,281,21,3,3
"3718","2020-07-22",290,287,214,19,5,1,2020-07-22,2020,3,73,195,14,4,1
"3719","2020-04-29",137,137,102,12,4,2,2020-04-29,2020,0,35,90,8,2,2
"3720","2022-10-07",308,306,232,26,5,0,2022-10-07,2022,2,74,206,21,5,0
"3721","2021-11-12",353,351,276,43,10,5,2021-11-12,2021,2,75,233,33,5,5
"3722","2020-11-24",324,323,256,34,5,1,2020-11-24,2020,1,67,222,29,4,1
"3723","2020-04-30",173,173,109,15,4,2,2020-04-30,2020,0,64,94,11,2,2
"3724","2018-09-03",533,532,442,46,9,2,2018-09-03,2018,1,90,396,37,7,2
"3725","2021-12-03",343,340,247,29,8,2,2021-12-03,2021,3,93,218,21,6,2
"3726","2021-01-23",251,250,185,33,10,2,2021-01-23,2021,1,65,152,23,8,2
"3727","2022-09-26",257,254,197,18,4,3,2022-09-26,2022,3,57,179,14,1,3
"3728","2021-04-26",300,298,236,33,7,1,2021-04-26,2021,2,62,203,26,6,1
"3729","2020-04-12",106,106,78,16,4,1,2020-04-12,2020,0,28,62,12,3,1
"3730","2016-12-01",734,733,647,44,5,0,2016-12-01,2016,1,86,603,39,5,0
"3731","2016-12-26",394,393,331,34,6,1,2016-12-26,2016,1,62,297,28,5,1
"3732","2016-12-25",365,364,296,38,10,4,2016-12-25,2016,1,68,258,28,6,4
"3733","2021-11-02",276,274,219,36,12,4,2021-11-02,2021,2,55,183,24,8,4
"3734","2021-12-13",302,301,229,25,6,2,2021-12-13,2021,1,72,204,19,4,2
"3735","2022-08-01",294,291,222,15,5,1,2022-08-01,2022,3,69,207,10,4,1
"3736","2021-03-25",257,257,210,30,8,4,2021-03-25,2021,0,47,180,22,4,4
"3737","2020-11-26",203,200,142,26,8,2,2020-11-26,2020,3,58,116,18,6,2
"3738","2020-07-03",302,301,222,36,11,4,2020-07-03,2020,1,79,186,25,7,4
"3739","2021-05-10",279,278,231,41,9,1,2021-05-10,2021,1,47,190,32,8,1
"3740","2022-03-30",285,283,233,24,4,2,2022-03-30,2022,2,50,209,20,2,2
"3741","2022-01-09",232,228,161,26,9,1,2022-01-09,2022,4,67,135,17,8,1
"3742","2022-07-03",250,250,191,32,13,4,2022-07-03,2022,0,59,159,19,9,4
"3743","2021-03-16",237,237,201,22,2,1,2021-03-16,2021,0,36,179,20,1,1
"3744","2020-11-15",251,249,180,26,10,1,2020-11-15,2020,2,69,154,16,9,1
"3745","2018-08-25",552,552,469,45,9,2,2018-08-25,2018,0,83,424,36,7,2
"3746","2016-11-05",626,625,540,45,8,4,2016-11-05,2016,1,85,495,37,4,4
"3747","2022-10-28",240,237,195,19,5,1,2022-10-28,2022,3,42,176,14,4,1
"3748","2022-04-10",285,284,216,44,9,2,2022-04-10,2022,1,68,172,35,7,2
"3749","2020-07-23",332,331,250,23,10,3,2020-07-23,2020,1,81,227,13,7,3
"3750","2020-04-03",190,190,153,21,4,1,2020-04-03,2020,0,37,132,17,3,1
"3751","2016-10-01",581,581,495,44,10,1,2016-10-01,2016,0,86,451,34,9,1
"3752","2020-10-14",333,333,260,38,7,2,2020-10-14,2020,0,73,222,31,5,2
"3753","2017-02-27",540,536,471,28,3,2,2017-02-27,2017,4,65,443,25,1,2
"3754","2017-12-02",575,574,494,41,10,3,2017-12-02,2017,1,80,453,31,7,3
"3755","2022-01-25",235,233,181,26,6,2,2022-01-25,2022,2,52,155,20,4,2
"3756","2022-03-10",268,264,207,27,8,2,2022-03-10,2022,4,57,180,19,6,2
"3757","2022-08-07",267,265,224,30,6,5,2022-08-07,2022,2,41,194,24,1,5
"3758","2020-04-26",140,140,90,16,6,3,2020-04-26,2020,0,50,74,10,3,3
"3759","2018-07-06",654,652,546,41,10,3,2018-07-06,2018,2,106,505,31,7,3
"3760","2020-12-01",269,268,205,24,7,1,2020-12-01,2020,1,63,181,17,6,1
"3761","2022-02-01",274,271,199,23,5,1,2022-02-01,2022,3,72,176,18,4,1
"3762","2019-12-27",448,447,366,33,7,1,2019-12-27,2019,1,81,333,26,6,1
"3763","2021-10-19",302,301,226,30,4,1,2021-10-19,2021,1,75,196,26,3,1
"3764","2022-02-26",247,243,180,27,10,1,2022-02-26,2022,4,63,153,17,9,1
"3765","2021-11-13",335,334,265,36,11,3,2021-11-13,2021,1,69,229,25,8,3
"3766","2021-10-16",339,336,251,37,15,5,2021-10-16,2021,3,85,214,22,10,5
"3767","2021-04-24",301,300,227,38,6,1,2021-04-24,2021,1,73,189,32,5,1
"3768","2021-02-21",208,206,153,24,7,1,2021-02-21,2021,2,53,129,17,6,1
"3769","2020-04-21",121,121,72,10,2,0,2020-04-21,2020,0,49,62,8,2,0
"3770","2020-05-09",148,147,113,11,3,0,2020-05-09,2020,1,34,102,8,3,0
"3771","2021-12-21",256,255,198,20,8,3,2021-12-21,2021,1,57,178,12,5,3
"3772","2020-03-31",158,157,124,15,2,2,2020-03-31,2020,1,33,109,13,0,2
"3773","2021-03-11",287,286,240,38,11,3,2021-03-11,2021,1,46,202,27,8,3
"3774","2021-10-14",353,351,282,24,5,0,2021-10-14,2021,2,69,258,19,5,0
"3775","2021-10-17",319,316,250,44,9,5,2021-10-17,2021,3,66,206,35,4,5
"3776","2021-10-15",381,378,310,35,12,4,2021-10-15,2021,3,68,275,23,8,4
